CSFRD_inferred_from_SMD.ecsv
# %ECSV 1.0
# ---
# datatype:
# - {name: Redshift, datatype: float64}
# - {name: sfrd_50, unit: solMass / (yr Mpc3), datatype: float64}
# - {name: sfrd_16, unit: solMass / (yr Mpc3), datatype: float64}
# - {name: sfrt_84, unit: solMass / (yr Mpc3), datatype: float64}
# meta: !!omap
# - cosmology: {H0: 70.0, Omega_lambda: 0.7, Omega_m: 0.3}
# - {IMF: Chabrier03}
# schema: astropy-2.0
Redshift sfrd_50 sfrd_16 sfrt_84
[from data line 3305]
14.545636409102277 0.0001000488912494369 6.677811199699194e-05 0.00014022589516758386
14.550037509377347 9.98174587649903e-05 6.660946405824264e-05 0.00013991912345450968
14.554438609652415 9.958316863552519e-05 6.644349634947098e-05 0.00013961935207916165
14.558839709927485 9.935001055796539e-05 6.627791155778018e-05 0.00013931497361749476
14.563240810202553 9.912328842671519e-05 6.611194673759512e-05 0.00013900706103566396
14.567641910477622 9.889706570112244e-05 6.594397693406953e-05 0.0001387022011272054
14.57204301075269 9.8668308333799e-05 6.577522593172422e-05 0.0001384084261314549
14.57644411102776 9.843563006250788e-05 6.56098949659403e-05 0.00013810952922075037
14.580845211302828 9.820469149280061e-05 6.544488221740567e-05 0.00013780553807336943
14.585246311577897 9.797302909259139e-05 6.52820705936481e-05 0.0001375060352034857
14.589647411852965 9.77420799036729e-05 6.511880939610555e-05 0.00013720749489993202
14.594048512128035 9.751788341840799e-05 6.495303258400423e-05 0.00013691785382191306
14.598449612403103 9.729205231134124e-05 6.478962918484053e-05 0.00013662471101874072
14.602850712678173 9.707098669460943e-05 6.462710284572909e-05 0.00013632706319768165
14.60725181295324 9.684357796165027e-05 6.446217893282547e-05 0.00013603357003507367
14.61165291322831 9.661962107460531e-05 6.42977465213878e-05 0.00013573799496757828
14.616054013503378 9.639862175593799e-05 6.41379460665664e-05 0.00013544328598580184
14.620455113778448 9.61766390441713e-05 6.397607650275522e-05 0.00013514293836289505
14.624856214053516 9.595367281616085e-05 6.38151527211321e-05 0.00013484804403446967
14.629257314328585 9.573028010958546e-05 6.365718079121677e-05 0.00013455379321771415
14.633658414603653 9.550838446546991e-05 6.350012946620547e-05 0.0001342601845083176
14.638059514878723 9.528740665576185e-05 6.33406637018892e-05 0.0001339660611519101
14.64246061515379 9.50648596488531e-05 6.31809839021724e-05 0.00013367431068728996
14.646861715428859 9.48421489360922e-05 6.301989486318017e-05 0.00013338186401170595
14.651262815703928 9.462333311252046e-05 6.28573597706117e-05 0.00013308591920467233
14.655663915978996 9.440166941296364e-05 6.270261861121681e-05 0.00013279428856632442
14.660065016254066 9.41822011145735e-05 6.254939955272855e-05 0.00013249975514108354
14.664466116529134 9.39647112273591e-05 6.239637288201828e-05 0.0001322133780442885
14.668867216804204 9.37492396673787e-05 6.224370114323179e-05 0.00013193346880071953
14.673268317079271 9.353287450129791e-05 6.208871240334101e-05 0.00013165269650072803
14.677669417354341 9.33122212956988e-05 6.193562783768779e-05 0.00013136707457940802
14.682070517629409 9.309572131658878e-05 6.178476365376758e-05 0.0001310876884793176
14.686471617904479 9.288200650479513e-05 6.163088080730385e-05 0.00013080838274942075
14.690872718179547 9.266641803481752e-05 6.14779594023609e-05 0.00013052708670369787
14.695273818454616 9.245504581894428e-05 6.13271282709242e-05 0.00013024600928201901
14.699674918729684 9.224266890259949e-05 6.117480091103882e-05 0.00012996517908974377
14.704076019004754 9.202698233483003e-05 6.1021488437336994e-05 0.00012968834734263597
14.708477119279822 9.181267794075701e-05 6.086893598755528e-05 0.000129405347641339
14.712878219554892 9.159948124856804e-05 6.071526266236116e-05 0.0001291293619854699
14.71727931982996 9.138557514980247e-05 6.0559880675323656e-05 0.0001288566561402453
14.721680420105029 9.117287550054802e-05 6.040667548424141e-05 0.00012858108067907083
14.726081520380097 9.096000324455688e-05 6.025221869542081e-05 0.00012830609457348927
14.730482620655167 9.074958929153104e-05 6.009891169467569e-05 0.00012803238607215123
14.734883720930235 9.054029518064578e-05 5.9946286564892474e-05 0.000127758838484664
14.739284821205304 9.032956252632697e-05 5.979829503118913e-05 0.00012748515860266493
14.743685921480372 9.012037949880132e-05 5.9652694768734654e-05 0.00012720736312785467
14.748087021755442 8.99118957836552e-05 5.9504435992059924e-05 0.00012692660831050825
14.75248812203051 8.970303535238156e-05 5.9354131898078506e-05 0.00012665394658828772
14.75688922230558 8.949524193552921e-05 5.920409369055434e-05 0.0001263788765685181
14.761290322580647 8.928707915921156e-05 5.905416247806802e-05 0.00012610423914477534
14.765691422855717 8.907987758536234e-05 5.89040602508395e-05 0.00012582783142981805
14.770092523130785 8.887116757742966e-05 5.875547890176211e-05 0.00012555521577474872
14.774493623405855 8.866243590415743e-05 5.86093441075366e-05 0.00012528281366417683
14.778894723680922 8.845726851844123e-05 5.84618180949238e-05 0.00012500979252411028
14.783295823955992 8.824876050153913e-05 5.83151284103195e-05 0.0001247439710803061
14.78769692423106 8.804201681534176e-05 5.817077119311768e-05 0.00012447401362539065
14.79209802450613 8.783617672681563e-05 5.802866328792418e-05 0.000124205870577949
14.796499124781198 8.763250234761045e-05 5.788322095443878e-05 0.00012394117473215095
14.800900225056267 8.743007305263856e-05 5.7736492194634195e-05 0.00012367380394405042
14.805301325331335 8.722538857965166e-05 5.7593473169322506e-05 0.0001234108225036553
14.809702425606403 8.702082159026792e-05 5.7448261487690004e-05 0.00012314663872675758
14.814103525881473 8.681650757857447e-05 5.730242144276858e-05 0.0001228818687790958
14.81850462615654 8.661394186044718e-05 5.715996070235667e-05 0.0001226119894646851
14.82290572643161 8.641217508350755e-05 5.70158697740836e-05 0.00012234494970722517
14.827306826706678 8.621365478931042e-05 5.6871649009453254e-05 0.00012208244278193208
14.831707926981748 8.601524937630479e-05 5.672913038144432e-05 0.00012181923568640502
14.836109027256816 8.581628876611652e-05 5.6587924110563597e-05 0.00012155565252291675
14.840510127531886 8.561675636797279e-05 5.6445412640745824e-05 0.00012128844112980492
14.844911227806953 8.542011651196001e-05 5.6302759839187207e-05 0.00012102210243080212
14.849312328082023 8.522031930619197e-05 5.6159137472046884e-05 0.00012076279697349837
14.853713428357091 8.502232762402757e-05 5.60173511465143e-05 0.00012050490697185034
14.85811452863216 8.482160533792018e-05 5.587705751087687e-05 0.0001202467685410758
14.862515628907229 8.462423915240039e-05 5.573677312273477e-05 0.00011998925923208592
14.866916729182298 8.442733227449982e-05 5.5596935743679436e-05 0.0001197325648768197
14.871317829457366 8.423156486856684e-05 5.5455783933760324e-05 0.0001194752716115386
14.875718929732436 8.403665881819785e-05 5.5314849102643387e-05 0.0001192171239598888
14.880120030007504 8.384460978124323e-05 5.5175476595185015e-05 0.00011896047387643188
14.884521130282574 8.36495479631224e-05 5.503557790719747e-05 0.0001187064988499515
14.888922230557641 8.345775357528054e-05 5.489702632964027e-05 0.00011844749958189515
14.893323330832711 8.326544645189716e-05 5.475960087922274e-05 0.00011819152768693265
14.897724431107779 8.307369515747132e-05 5.462358156144679e-05 0.00011793280481105017
14.902125531382849 8.288255833365535e-05 5.448585435591229e-05 0.0001176769216370164
14.906526631657917 8.268994703256398e-05 5.4350915622226326e-05 0.00011742113081680979
14.910927731932986 8.249792418667088e-05 5.421661852593795e-05 0.0001171668768860636
14.915328832208054 8.230605186897554e-05 5.40811376925245e-05 0.0001169140769497938
14.919729932483124 8.21120774207288e-05 5.3945700664636634e-05 0.00011666480872792811
14.924131032758192 8.192314033959061e-05 5.3810322200219584e-05 0.00011640996457885947
14.928532133033261 8.173779545206622e-05 5.3675843303672604e-05 0.00011615680883556011
14.93293323330833 8.154810771706006e-05 5.354142127385544e-05 0.00011590465644959196
14.937334333583399 8.135958212968336e-05 5.3406162719234215e-05 0.0001156516523972959
14.941735433858467 8.116893433249427e-05 5.327111372882467e-05 0.0001154019448041277
14.946136534133537 8.097985372146849e-05 5.3136932854482084e-05 0.00011514969892452374
14.950537634408605 8.07913078412113e-05 5.3003958926604e-05 0.00011489741710070302
14.954938734683674 8.060130534241685e-05 5.287217292831969e-05 0.00011465022807152225
14.959339834958742 8.041395704196878e-05 5.274196931315989e-05 0.0001144021625188891
14.963740935233812 8.022895021362106e-05 5.2611698105426706e-05 0.00011415442963233189
14.96814203550888 8.004373655593093e-05 5.247936406933709e-05 0.00011390746307275358
14.972543135783948 7.985519064612939e-05 5.234442034658936e-05 0.0001136629001706636
14.976944236059017 7.966703387889696e-05 5.221312291764666e-05 0.00011341957677228413
14.981345336334085 7.94828493968887e-05 5.2081648990228425e-05 0.0001131770609684682
14.985746436609155 7.92986886531353e-05 5.1951187731595194e-05 0.00011293834459729086
14.990147536884223 7.911320134436308e-05 5.1819403335086236e-05 0.00011269553720038978
14.994548637159292 7.892512742537047e-05 5.168848754263394e-05 0.00011245397541299582
14.99894973743436 7.874075047569444e-05 5.1558380875754665e-05 0.00011221120627796705
15.00335083770943 7.855634919739008e-05 5.1427966302037275e-05 0.00011197180953708911
15.007751937984498 7.837360531286058e-05 5.129705269185994e-05 0.00011173245742215864
15.012153038259568 7.819329485572862e-05 5.1165878618213614e-05 0.00011149327054242753
15.016554138534635 7.801323632112494e-05 5.1037987374569156e-05 0.00011125528885510134
15.020955238809705 7.783185943226123e-05 5.0906982453739554e-05 0.00011101805308741534
15.025356339084773 7.765366349939453e-05 5.077557638200371e-05 0.00011078034904297571
15.029757439359843 7.747547070695039e-05 5.064560690296783e-05 0.00011054311013755626
15.03415853963491 7.729593297696619e-05 5.0517410520262225e-05 0.00011030272584744034
15.03855963990998 7.711648758454365e-05 5.038664980258573e-05 0.00011006606348317178
15.042960740185048 7.693672022092395e-05 5.0255364979474234e-05 0.00010983129704775256
15.047361840460118 7.675487864250949e-05 5.012523006050611e-05 0.00010959596098247643
15.051762940735186 7.657578911055726e-05 4.999666301969548e-05 0.00010935696266714865
15.056164041010256 7.639866106124452e-05 4.9869019139389455e-05 0.00010912665705294063
15.060565141285323 7.622446283340625e-05 4.9744118874720685e-05 0.00010888943526600708
15.064966241560393 7.604927472111667e-05 4.9619531445131724e-05 0.0001086524271633936
15.069367341835461 7.586928703741123e-05 4.949523733212745e-05 0.00010841634323752097
15.07376844211053 7.569256050690622e-05 4.9371071406809446e-05 0.00010817724668693256
15.078169542385599 7.55190183910858e-05 4.924721698353642e-05 0.00010794363398375393
15.082570642660668 7.534315800309229e-05 4.91236732807913e-05 0.00010770943303359509
15.086971742935736 7.516995729029677e-05 4.8999209239069115e-05 0.0001074721887247872
15.091372843210806 7.499819153512775e-05 4.887454984379084e-05 0.0001072388726688393
15.095773943485874 7.482523782692822e-05 4.875098621788903e-05 0.00010700525047825325
15.100175043760943 7.464969808747371e-05 4.863047080404697e-05 0.00010677040589164044
15.104576144036011 7.447721112846565e-05 4.851159464244369e-05 0.00010654048952510797
15.108977244311081 7.4304645350389e-05 4.8389793638854024e-05 0.00010631262589464492
15.113378344586149 7.413307441502928e-05 4.8265234806706955e-05 0.00010608169136933466
15.117779444861219 7.396197968013543e-05 4.814374189499592e-05 0.00010584829579984886
15.122180545136287 7.379055169889933e-05 4.802487872202658e-05 0.00010561606701943987
15.126581645411356 7.361888415649228e-05 4.7902673683255404e-05 0.00010538877603934677
15.130982745686424 7.344888685336317e-05 4.778048604061525e-05 0.00010516255287446651
15.135383845961492 7.327868244764389e-05 4.7657297948273836e-05 0.00010493742744595304
15.139784946236562 7.311118753861625e-05 4.753558942254651e-05 0.00010471179964070303
15.14418604651163 7.294421954956158e-05 4.741502923496309e-05 0.00010448730230472421
15.1485871467867 7.277765288075769e-05 4.729469717278785e-05 0.00010426121074554646
15.152988247061767 7.260816825178033e-05 4.717547322546258e-05 0.00010403723778057247
15.157389347336837 7.243906954384622e-05 4.705605171009477e-05 0.00010381168705021366
15.161790447611905 7.227212423899765e-05 4.693669498930298e-05 0.00010358965481447741
15.166191547886974 7.210345258125613e-05 4.6816380190274804e-05 0.00010336580251284177
15.170592648162042 7.193722902359758e-05 4.669910573143368e-05 0.00010314513561285394
15.174993748437112 7.177003108266782e-05 4.6581641529106354e-05 0.00010292302675625313
15.17939484871218 7.160616425177375e-05 4.646364194470949e-05 0.00010270120877878229
15.18379594898725 7.144266435731788e-05 4.634677304712396e-05 0.0001024739068539478
15.188197049262318 7.127939348604292e-05 4.622876721174078e-05 0.00010225199355794838
15.192598149537387 7.111649577108608e-05 4.6111482002013084e-05 0.00010202943591133911
15.196999249812455 7.095224553573304e-05 4.599671382955854e-05 0.00010180688412334231
15.201400350087525 7.078468250704646e-05 4.587857583349471e-05 0.00010158645677463694
15.205801450362593 7.062170326569857e-05 4.5765173057256926e-05 0.0001013680955612727
15.210202550637662 7.045669022909482e-05 4.5649355151307346e-05 0.00010114992412649958
15.21460365091273 7.029218383905014e-05 4.553296924863183e-05 0.00010093178195872848
15.2190047511878 7.01285146841219e-05 4.5417235191844796e-05 0.00010071475438840122
15.223405851462868 6.996847038399139e-05 4.530240813934877e-05 0.00010049792843690656
15.227806951737938 6.980767873879643e-05 4.5189363504841845e-05 0.00010028156928419022
15.232208052013005 6.964661724952314e-05 4.50771922580021e-05 0.00010006567592529331
15.236609152288075 6.948458722921697e-05 4.4963165320769616e-05 9.985024735742003e-05
15.241010252563143 6.932211232963935e-05 4.485011997906034e-05 9.9634722679346e-05
15.245411352838213 6.916095562968275e-05 4.473706478463698e-05 9.941812022708307e-05
15.24981245311328 6.900279213977812e-05 4.462344764282368e-05 9.920216785374408e-05
15.25421355338835 6.88446463588826e-05 4.450979926013731e-05 9.899126654477047e-05
15.258614653663418 6.868605737716624e-05 4.4398349055439864e-05 9.87780985742981e-05
15.263015753938488 6.852704599047917e-05 4.42853638860601e-05 9.856480156213507e-05
15.267416854213556 6.836973574378519e-05 4.4174352638532044e-05 9.834892646055499e-05
15.271817954488625 6.821563155672944e-05 4.406379128293545e-05 9.813386154827752e-05
15.276219054763693 6.805805322474227e-05 4.395243983573295e-05 9.792150595271125e-05
15.280620155038763 6.789764524145906e-05 4.384124116953969e-05 9.77083633939264e-05
15.285021255313831 6.773951213551895e-05 4.372945041866839e-05 9.750085637895749e-05
15.2894223555889 6.758370793466145e-05 4.3617873548473885e-05 9.729381706369298e-05
15.293823455863969 6.742790502238393e-05 4.3508421897644164e-05 9.708459416819943e-05
15.298224556139036 6.726915624571974e-05 4.339959862475568e-05 9.687586884791366e-05
15.302625656414106 6.710917246389959e-05 4.328907305565043e-05 9.666185272016874e-05
15.307026756689174 6.694982599675188e-05 4.318056162341265e-05 9.645001875878692e-05
15.311427856964244 6.679103007130418e-05 4.307169883274998e-05 9.624233948995902e-05
15.315828957239312 6.663439539208321e-05 4.2962854456753805e-05 9.603610396593506e-05
15.320230057514381 6.648087172025783e-05 4.285354906604115e-05 9.582591504772803e-05
15.32463115778945 6.632731284180162e-05 4.274359801091398e-05 9.562007305231034e-05
15.329032258064519 6.617112442420701e-05 4.263543432173944e-05 9.541382701825239e-05
15.333433358339587 6.601403739721803e-05 4.2528504185051006e-05 9.520879245283351e-05
15.337834458614656 6.585891607381651e-05 4.24216548810405e-05 9.500036982073997e-05
15.342235558889724 6.570537081306425e-05 4.231520980289687e-05 9.479316771080806e-05
15.346636659164794 6.555571829725416e-05 4.220938492122983e-05 9.458842414359482e-05
15.351037759439862 6.540669262324656e-05 4.210194328487832e-05 9.438254477277742e-05
15.355438859714932 6.525367935636663e-05 4.199771481859535e-05 9.417499741477956e-05
15.35983995999 6.510402720630122e-05 4.18936311371615e-05 9.396919283544854e-05
