CSFRD_inferred_from_SMD.ecsv
# %ECSV 1.0
# ---
# datatype:
# - {name: Redshift, datatype: float64}
# - {name: sfrd_50, unit: solMass / (yr Mpc3), datatype: float64}
# - {name: sfrd_16, unit: solMass / (yr Mpc3), datatype: float64}
# - {name: sfrt_84, unit: solMass / (yr Mpc3), datatype: float64}
# meta: !!omap
# - cosmology: {H0: 70.0, Omega_lambda: 0.7, Omega_m: 0.3}
# - {IMF: Chabrier03}
# schema: astropy-2.0
Redshift sfrd_50 sfrd_16 sfrt_84
[from data line 1003]
4.414303575893975 0.020603163594383724 0.018750509010359923 0.022829212060118956
4.418704676169043 0.02055746144812165 0.01870796561490558 0.022777466360642804
4.423105776444112 0.020512079289731346 0.01866763420573774 0.02272605528733324
4.42750687671918 0.020466129110964466 0.018625591706529485 0.022674923534114117
4.431907976994249 0.020419853254947877 0.0185849498887657 0.022626351134703845
4.436309077269318 0.02037421293346539 0.018545280704902276 0.022576276190195168
4.4407101775443865 0.02032826894934029 0.018504030380977036 0.02252600168725841
4.445111277819455 0.020283121127776284 0.01846304871332089 0.022475938002304335
4.449512378094524 0.020237334654400946 0.018422971580690523 0.022425735209821874
4.453913478369593 0.02019184077183723 0.01838236627682604 0.022375475445332974
4.458314578644662 0.020146749259811487 0.01834098409400883 0.022325629242156173
4.46271567891973 0.02010196689031748 0.018300998168823225 0.022275032343954785
4.467116779194799 0.020056753205826706 0.018261397414238198 0.022224019997977434
4.471517879469868 0.020011436211379192 0.018221239183214128 0.022173738978809473
4.475918979744937 0.019966856090698308 0.01818129692776055 0.022123897482307812
4.480320080020006 0.019921449140902284 0.018140995707976205 0.022074533855795924
4.484721180295074 0.0198759443036569 0.018100172251652894 0.022024338072810682
4.489122280570143 0.01983193760230558 0.018060413854670408 0.021974813656100406
4.493523380845212 0.019787821997681736 0.01802183846078275 0.02192465040704591
4.497924481120281 0.019743650158089994 0.017980947068527237 0.021875205459284893
4.5023255813953496 0.01969979285998289 0.017940598465814177 0.02182538166308048
4.506726681670418 0.019655869503423788 0.017900538246143367 0.021777086046428154
4.511127781945487 0.019611830285822935 0.017861112013631678 0.021728388296530284
4.515528882220556 0.019566619629593128 0.01782113051172384 0.021680243693773252
4.519929982495625 0.019521680644976645 0.01778155849043034 0.02163104911134936
4.5243310827706935 0.0194784495665871 0.017742788464214267 0.021582005738833794
4.528732183045762 0.019434517204664943 0.017704273476907176 0.02153410365191273
4.533133283320831 0.019390810093073176 0.01766456770900798 0.021488081267898005
4.5375343835959 0.01934717302973587 0.017624601257031736 0.021440535003860717
4.541935483870969 0.01930378437372983 0.01758589018953037 0.021391991613009084
4.5463365841460375 0.01926072559093777 0.01754744349497992 0.021343496763805408
4.550737684421106 0.01921764452661397 0.017507812481201805 0.02129439006151132
4.555138784696175 0.01917500638847475 0.017468653528465432 0.021246665546913977
4.559539884971244 0.019132269888106263 0.0174299177021116 0.02119852333155386
4.563940985246313 0.01908982756640793 0.017392176111806792 0.021150140102054998
4.568342085521381 0.019046935058490165 0.01735360710576778 0.0211022321633412
4.57274318579645 0.019004402073268426 0.01731511851072501 0.021055005987711758
4.577144286071519 0.018961423354604434 0.0172772959964828 0.02100808130245652
4.581545386346588 0.018918889959292057 0.017238345636667464 0.02095929315845043
4.585946486621657 0.01887645821673288 0.017199458948990616 0.02091321372629671
4.5903475868967245 0.018833845459542493 0.017160769889840194 0.02086622966164142
4.594748687171793 0.01879138550808717 0.01712230056548596 0.02081899252525643
4.599149787446862 0.01874919431367466 0.01708446015136448 0.020771779016004664
4.603550887721931 0.018708055180836465 0.01704594132041122 0.02072419862908494
4.607951987997 0.018666535949627635 0.01700862174419601 0.020677204744679132
4.6123530882720685 0.018624641320072504 0.016970430541632293 0.020630948106021906
4.616754188547137 0.01858230899078176 0.016933211783036226 0.020583864161958305
4.621155288822206 0.018540099968757606 0.016895670036542514 0.020537000880134035
4.625556389097275 0.018498232731735932 0.016858444477415645 0.02049114745953869
4.629957489372344 0.018457578147784464 0.016821696898854488 0.020446173127563885
4.634358589647412 0.018416713755677477 0.016783853669492428 0.020399326143821336
4.638759689922481 0.018374449222535172 0.01674645349288073 0.020354354096028003
4.64316079019755 0.01833327182287566 0.016709284437425684 0.02030773287646302
4.647561890472619 0.01829209766579567 0.016671595680599068 0.020261385410499506
4.651962990747688 0.018250105870744618 0.01663459524531736 0.02021432571666273
4.656364091022756 0.018209228846193602 0.016597539294183596 0.02016773009577954
4.660765191297825 0.01816784425721578 0.016560615318174567 0.020122395627685908
4.665166291572894 0.018127778228462472 0.01652398172045178 0.020076839794111543
4.669567391847963 0.018087165582629287 0.016487537641480934 0.020031708574750336
4.673968492123032 0.01804720949853708 0.01645112911157518 0.01998645799489719
4.6783695923981 0.018006978076795375 0.016414337683245378 0.019941309202609354
4.682770692673169 0.01796664325327362 0.016378118380139056 0.019895098608889095
4.687171792948238 0.017925970374958355 0.016341611008945475 0.019848671089213035
4.691572893223307 0.01788522257246253 0.016305322662082705 0.0198048657143388
4.6959739934983755 0.01784563158406048 0.01626889878864952 0.019761252958931125
4.700375093773444 0.01780544975234174 0.01623266304697237 0.01971671185279642
4.704776194048513 0.017765862010488735 0.01619577136523549 0.019671375768852226
4.709177294323582 0.01772601504853625 0.016159006957718578 0.01962691622706327
4.713578394598651 0.017686981077197995 0.016123086759282947 0.019582953612392855
4.7179794948737195 0.017647824125662046 0.016087379206850293 0.01953826227916006
4.722380595148788 0.017608196463604404 0.01605145481402979 0.019494490390937785
4.726781695423857 0.01756980645914241 0.01601682731723209 0.019450957566246246
4.731182795698926 0.017530812820881973 0.015981244050888126 0.01940501921749051
4.735583895973995 0.01749149784904134 0.01594486052295174 0.01935941601321759
4.739984996249063 0.017451509808660268 0.01590899138150133 0.01931492446337254
4.744386096524132 0.017411703767947602 0.015873494270262568 0.01927195325339914
4.7487871967992 0.017372848512601916 0.01583786681458982 0.019228014763941773
4.753188297074269 0.017333788241752156 0.01580211570453136 0.019185655060098894
4.757589397349338 0.017294637395313332 0.015766236138083624 0.01914100481387588
4.7619904976244065 0.0172556643871399 0.01573144873881055 0.019097682882821185
4.766391597899475 0.0172173009616806 0.015696378431046643 0.019054637027506906
4.770792698174544 0.017178234716286322 0.015661666398570116 0.019012413220989333
4.775193798449613 0.017140415754560448 0.015627200894821985 0.01896849127917462
4.779594898724682 0.017102118767720526 0.01559154165989606 0.018925228289609825
4.7839959989997505 0.01706367242887026 0.015557500954317623 0.01888102762976945
4.788397099274819 0.017025851309391896 0.015522629806919623 0.018838713788060953
4.792798199549888 0.016987512988334147 0.015488186267763441 0.01879544315844748
4.797199299824957 0.016949641424664513 0.015452911614701269 0.01875233428240717
4.801600400100026 0.016911547639509337 0.015418350012126596 0.018710005161153242
4.806001500375094 0.016874316463754924 0.015384279739395048 0.018667476829898885
4.810402600650163 0.01683635564352192 0.015350325428012228 0.018624890497131993
4.814803700925232 0.016798886838752095 0.015315858405301747 0.018583900850864806
4.819204801200301 0.01676050068720224 0.015281838539115866 0.018542040001381682
4.82360590147537 0.016722645501040394 0.015248178005125061 0.018499552184916564
4.828007001750438 0.01668573455189122 0.015214348369259898 0.018458055680654985
4.832408102025507 0.016648805655065622 0.015180727391993276 0.018415867432458783
4.836809202300576 0.01661193398813264 0.015147024327607188 0.018374182038221634
4.841210302575645 0.016574990249909778 0.015112811177326444 0.01833305871799832
4.845611402850714 0.016537367639209384 0.015078365979641949 0.018292141697511883
4.850012503125782 0.01650005871398187 0.01504505472590799 0.01825125671641798
4.854413603400851 0.01646267613376257 0.015011239596110266 0.0182088433511821
4.85881470367592 0.01642553738940154 0.014978009529296989 0.018166996001299705
4.863215803950989 0.0163885596128394 0.014944316553271105 0.018125274309297286
4.8676169042260575 0.016352327566283464 0.014911489928606619 0.018083281178724212
4.872018004501126 0.016315590933665 0.014878237508903555 0.018043298474265754
4.876419104776195 0.016278111309034456 0.014844900102110025 0.01800367566050749
4.880820205051264 0.016240353231811614 0.014812166154040065 0.01796293082607223
4.885221305326333 0.01620389502042087 0.014778702961817443 0.017922116423196483
4.8896224056014015 0.016167375802302722 0.014746069337098676 0.017881343970614774
4.89402350587647 0.016130898393824762 0.01471350819333836 0.017840610566515955
4.898424606151539 0.016094352303988153 0.014680576743796244 0.01779925641918307
4.902825706426608 0.016058575364035356 0.014647307603321348 0.017758945673860865
4.907226806701677 0.01602259064114621 0.014614733626942796 0.017718194712215116
4.911627906976745 0.01598639340078315 0.014582472335895715 0.01767792173461368
4.916029007251813 0.015950812902111703 0.014548226356753928 0.017637726302670294
4.920430107526882 0.015915292322761385 0.014515894319449602 0.017597877491393545
4.924831207801951 0.015880504248921137 0.0144841354218907 0.01755787607154511
4.92923230807702 0.015844350726314096 0.01445144381693838 0.01751721606088338
4.9336334083520885 0.015808859009589393 0.014418650633829348 0.017478356949774593
4.938034508627157 0.015772337165919977 0.014386969073870362 0.017438000143382006
4.942435608902226 0.01573641946824813 0.0143552997521919 0.01739874178753574
4.946836709177295 0.01570171091908649 0.01432217567264692 0.01735908977200994
4.951237809452364 0.015667126094207773 0.014289472208835922 0.0173192115734641
4.9556389097274325 0.01563099368361221 0.014257202242037822 0.017279738116625944
4.960040010002501 0.015596375117758405 0.014224927738038545 0.017240263908234812
4.96444111027757 0.015560806815236776 0.014193029257939591 0.017200888854314905
4.968842210552639 0.015525266000839406 0.014160802328733164 0.01716187948811777
4.973243310827708 0.015489785962693965 0.014128487546446045 0.017122987968644428
4.9776444111027764 0.015454400935072395 0.014097505769444426 0.017083425837134042
4.982045511377845 0.015419245866391242 0.014066338461032515 0.017044044849723532
4.986446611652914 0.015384967491572994 0.014034710100770592 0.017005170971153886
4.990847711927983 0.015350493243253376 0.014003536558863593 0.01696523929209798
4.995248812203052 0.015315003174738835 0.01397229044090782 0.016926434034237776
4.99964991247812 0.015280565797228352 0.013941872842850164 0.01688702744596957
5.004051012753189 0.015245737660039673 0.0139100067710419 0.016848468487211707
5.008452113028258 0.015211611170084013 0.013878497999658797 0.016810694068266817
5.012853213303327 0.015178030553721408 0.013847914077614683 0.01677311350642238
5.017254313578396 0.015143766628624718 0.01381705061319294 0.01673492807105563
5.021655413853464 0.015109292529207539 0.013785510708521815 0.01669653778750177
5.026056514128533 0.015074820814644105 0.013754454253806645 0.01665815678773515
5.030457614403602 0.015041186719396957 0.01372251515283052 0.016619874970318124
5.034858714678671 0.015007422813426562 0.013692277055575406 0.016581251046213292
5.0392598149537395 0.014973356435537233 0.013661259502018236 0.016542616612593326
5.043660915228808 0.014939696756416347 0.013630559191373487 0.016504980901879875
5.048062015503877 0.014904679963796665 0.013600165356059277 0.01646671556756274
5.052463115778946 0.014871129316192963 0.013570281999523403 0.01642893802213665
5.056864216054015 0.014837990577043016 0.013539305488788301 0.016390661883361534
5.0612653163290835 0.01480429258882025 0.013508968390329001 0.016352622436191695
5.065666416604152 0.01477074028823926 0.013478681248634649 0.01631403767090799
5.07006751687922 0.014738013040071142 0.013447903931271292 0.016276422133227178
5.074468617154289 0.01470484554771308 0.013418021979007138 0.016238622502090416
5.078869717429358 0.014670525513574405 0.013387359464061258 0.01620174928701065
5.083270817704427 0.014636538399966 0.013357268395489525 0.01616558375449042
5.087671917979495 0.014604073855946302 0.01332674348181265 0.01612838006553031
5.092073018254564 0.014570802325050217 0.01329658630065836 0.016090965590648494
5.096474118529633 0.014537286128713252 0.013266945245292957 0.016054280156618497
5.100875218804702 0.014504394192883976 0.013237597815658222 0.016016149363296366
5.1052763190797705 0.014471092994943912 0.013208496978231132 0.015979046180612688
5.109677419354839 0.014438497192403841 0.013178355737211846 0.015942180025166734
5.114078519629908 0.014405633611488899 0.013148834189792527 0.015905816490619347
5.118479619904977 0.014372816495825837 0.013119327756908265 0.015868676798765947
5.122880720180046 0.01434062928163574 0.013089404949579178 0.015832719293218167
5.1272818204551145 0.01430845643866871 0.013059479354765459 0.01579750037582403
5.131682920730183 0.014276943911043477 0.01302970326797539 0.015760430466676172
5.136084021005252 0.014245126031184444 0.01300051338117478 0.015723587292291504
5.140485121280321 0.0142131011003589 0.012970144767181653 0.015688377200007944
5.14488622155539 0.014181136528143536 0.012941615919164417 0.0156532282477386
5.1492873218304585 0.014148202425812634 0.012912339831405455 0.015616956635301953
5.153688422105527 0.014116419907294783 0.012884104467638907 0.015580239989736571
5.158089522380596 0.014084422573193573 0.012854285472659006 0.01554366383645609
5.162490622655665 0.014052426037821284 0.012825036013500359 0.015508106544267791
5.166891722930734 0.014020104186039868 0.012795611404520053 0.01547259384066136
5.171292823205802 0.013988540170668522 0.012767264367679146 0.015435886621365762
5.175693923480871 0.013956883509128513 0.012738451867666674 0.01539912713959157
5.18009502375594 0.013925956561724538 0.012710789960959744 0.015363620743748604
5.184496124031009 0.013894003550217512 0.012681769999872465 0.015329358371684604
5.188897224306078 0.01386189445176596 0.0126532084494102 0.015295722816005278
5.193298324581146 0.013830480427929632 0.012624529841649313 0.015261150981670397
5.197699424856215 0.013798198168656815 0.012596430617213222 0.015226132909015762
5.202100525131284 0.013766699050335531 0.01256825049943333 0.015191305609902193
5.206501625406353 0.013735180943529272 0.012539952818911392 0.01515636482647192
5.2109027256814215 0.013704329446458226 0.012511481892359108 0.015121550829937878
5.21530382595649 0.01367390321841732 0.012482840192189057 0.015087002479415
5.219704926231559 0.013642739600922806 0.01245465200692349 0.015052294525292555
5.224106026506628 0.013612096694278823 0.012426504619662403 0.015016948063701073
5.228507126781697 0.01358183935330393 0.012398056322319757 0.014982086440122246
5.232908227056765 0.013551097890959984 0.012369764544019786 0.014947556411035378
5.237309327331833 0.013520594966707935 0.012341267447682219 0.01491255896999531
5.241710427606902 0.013489938411222712 0.01231320992868469 0.014877301092814724
5.246111527881971 0.013459345032007831 0.012284804364425523 0.014842639066024003
5.25051262815704 0.013428695776700734 0.012256594184014659 0.014808817802076987
5.254913728432109 0.013398195169023755 0.01222920310298878 0.014774551589623592
5.259314828707177 0.013368419941514689 0.012201074811654765 0.014741222189188724
5.263715928982246 0.013338369018112986 0.012172717677688932 0.014707653086445503
5.268117029257315 0.01330785361885315 0.01214468827411215 0.014673858859649593
5.272518129532384 0.013277759090230278 0.012117110700009322 0.014640372386104807
5.2769192298074525 0.013248039550511442 0.01208976204887849 0.01460645585728081
5.281320330082521 0.013218427012591023 0.012062655079983735 0.01457292464784273
5.28572143035759 0.013188258581471546 0.012035826696610533 0.014540442042294616
