CSFRD_inferred_from_SMD.ecsv
# %ECSV 1.0
# ---
# datatype:
# - {name: Redshift, datatype: float64}
# - {name: sfrd_50, unit: solMass / (yr Mpc3), datatype: float64}
# - {name: sfrd_16, unit: solMass / (yr Mpc3), datatype: float64}
# - {name: sfrt_84, unit: solMass / (yr Mpc3), datatype: float64}
# meta: !!omap
# - cosmology: {H0: 70.0, Omega_lambda: 0.7, Omega_m: 0.3}
# - {IMF: Chabrier03}
# schema: astropy-2.0
Redshift sfrd_50 sfrd_16 sfrt_84
[from data line 2563]
11.280020005001251 0.0005801783312976849 0.00045208526187241933 0.0007157019745921249
11.284421105276321 0.0005788393858423048 0.00045099283751044586 0.0007141524067405997
11.288822205551389 0.0005775045089434314 0.0004498760213402616 0.000712591062555749
11.293223305826459 0.0005761553610531993 0.0004487176141940385 0.0007110660698075156
11.297624406101527 0.0005748094673113263 0.0004475968502708828 0.0007095423997961194
11.302025506376596 0.0005734888744977959 0.00044653372424418425 0.0007080688890698056
11.306426606651664 0.000572205127335717 0.00044543366049552087 0.0007065487636388712
11.310827706926734 0.0005709099801900173 0.00044432966653862945 0.0007050478521091021
11.315228807201802 0.0005696133021357644 0.00044318352803203806 0.0007034935450458915
11.319629907476871 0.0005683077099865629 0.0004420604538391651 0.0007020009415454181
11.32403100775194 0.0005669511370542113 0.0004409692950619572 0.0007004698810693991
11.328432108027009 0.0005656102422398067 0.000439893416886796 0.0006989671984047165
11.332833208302077 0.0005643068317048043 0.0004387847633817426 0.0006974431594640882
11.337234308577147 0.0005630347540957214 0.0004377023135613962 0.0006959398833564432
11.341635408852214 0.0005617673048266018 0.00043664532566975743 0.0006944290551435304
11.346036509127284 0.0005604973130256365 0.00043555911129015485 0.0006929117281072578
11.350437609402352 0.0005591888947974611 0.00043445157754677536 0.0006914165648026485
11.354838709677422 0.0005578727420652913 0.00043339804998928776 0.000689928341562113
11.35923980995249 0.0005566171379359083 0.0004323336854303236 0.0006884519715349084
11.36364091022756 0.0005553104788670951 0.0004312983983724334 0.000686962765676906
11.368042010502627 0.0005540083487606554 0.00043023714114041927 0.0006854952557301762
11.372443110777697 0.0005527539239541404 0.0004291550333411608 0.0006840394891770489
11.376844211052765 0.0005514896487897455 0.00042805936564295537 0.0006825860252564784
11.381245311327834 0.0005502328702459301 0.00042702058616963796 0.0006811024499679064
11.385646411602902 0.0005489743504576566 0.0004259349774313804 0.0006796389143149967
11.390047511877972 0.0005476936079065179 0.00042489713684641705 0.0006781884110446632
11.39444861215304 0.000546434967051044 0.00042385284676855025 0.000676744604454936
11.39884971242811 0.0005451724431054528 0.00042282311881307566 0.0006753148733939943
11.403250812703178 0.0005439503923639244 0.00042179309172343126 0.0006738862961053336
11.407651912978247 0.0005427162585421579 0.0004207325222817915 0.000672449708123949
11.412053013253315 0.0005414962477164586 0.0004196626242908837 0.0006709709950532821
11.416454113528385 0.0005402361084303381 0.0004186407890078826 0.0006695275254269151
11.420855213803453 0.000538998481477671 0.00041762930469958103 0.0006681234318198276
11.425256314078522 0.0005377508776605237 0.00041659400100955177 0.0006666998281364183
11.42965741435359 0.0005365286280501792 0.000415583108889509 0.0006652940919672639
11.434058514628658 0.0005352992392019778 0.00041455074692704443 0.0006638808046282598
11.438459614903728 0.0005340764423226898 0.0004135139188403332 0.0006624433558025965
11.442860715178796 0.0005328524927574844 0.00041249611649439046 0.0006610296935007341
11.447261815453865 0.0005316055887816212 0.00041147655407353887 0.0006596213527946378
11.451662915728933 0.0005303848583017453 0.0004104480220209615 0.0006581716508241402
11.456064016004003 0.0005291712484227665 0.0004094165664214541 0.0006567545077754251
11.460465116279071 0.0005279530214400034 0.00040840400869929076 0.0006553620793042465
11.46486621655414 0.0005267442615489899 0.00040739572226418294 0.0006539558383510618
11.469267316829209 0.0005255399122089017 0.00040638332294516965 0.0006525368222512644
11.473668417104278 0.0005243389073618374 0.0004053767304139766 0.0006511382194148986
11.478069517379346 0.0005231433363184716 0.0004043826437022099 0.0006497610156617824
11.482470617654416 0.0005219548193324834 0.0004034044132970158 0.0006483744717326441
11.486871717929484 0.0005207439697752493 0.00040243327184530365 0.0006469856548934276
11.491272818204553 0.0005195471278273962 0.00040145847965897876 0.000645578271760646
11.495673918479621 0.0005183609050918466 0.0004004801265444176 0.0006441947704527556
11.500075018754691 0.0005171791076522118 0.0003994986147798348 0.0006428087661558476
11.504476119029759 0.0005159972154119901 0.0003985208785326589 0.0006414363440812576
11.508877219304829 0.0005148005784325874 0.00039752791564983493 0.0006400778720399365
11.513278319579896 0.0005136147803352293 0.00039656201863394095 0.0006387216963607737
11.517679419854966 0.0005124435739326991 0.0003956038266067182 0.0006373366338983148
11.522080520130034 0.0005112467242638599 0.00039463571481935947 0.0006359895547194106
11.526481620405104 0.0005100832693454767 0.000393711809520511 0.0006346180614167653
11.530882720680172 0.0005089005709699544 0.00039275184804212474 0.0006332630391781954
11.535283820955241 0.0005077362476338173 0.0003917736816745231 0.0006318995515414539
11.53968492123031 0.0005065749210080401 0.0003908250932532912 0.0006305389996492926
11.544086021505379 0.0005054169989906773 0.00038983057722517844 0.000629181377180718
11.548487121780447 0.0005042260538240926 0.0003888878956350416 0.0006278230183386104
11.552888222055516 0.000503061808582112 0.00038797461764113417 0.000626474895298378
11.557289322330584 0.0005019244923805011 0.0003870277233258603 0.0006251260233105576
11.561690422605654 0.0005007911062278184 0.0003860896526935617 0.00062378013530035
11.566091522880722 0.0004996526517083821 0.0003851475718110388 0.0006224366128244634
11.570492623155792 0.0004985219545838787 0.00038417920704344495 0.0006210550151304159
11.57489372343086 0.0004973986225226279 0.0003832373825363071 0.0006196956296586038
11.57929482370593 0.0004962607612896536 0.00038229753898735846 0.0006183484403270365
11.583695923980997 0.000495132132135313 0.000381372338436496 0.0006170278737813566
11.588097024256067 0.0004939948467318374 0.0003803951136412172 0.0006157482204698762
11.592498124531135 0.0004928510690398627 0.0003794576497246021 0.0006144353801445855
11.596899224806203 0.0004917039879829884 0.00037853412650670174 0.0006130730775968986
11.601300325081272 0.0004905780478514887 0.00037760926202640117 0.0006117314468039768
11.60570142535634 0.0004894533555736656 0.0003766736581950921 0.0006104197364579443
11.61010252563141 0.0004883385937306181 0.0003757633715231665 0.0006090832760725092
11.614503625906478 0.0004871999974703842 0.0003748300394372651 0.0006077787019230719
11.618904726181547 0.0004861036740237154 0.00037387370249637947 0.0006064659318642466
11.623305826456615 0.00048497148869462595 0.0003729199575821346 0.0006051705065572179
11.627706926731685 0.0004838465131710657 0.0003720200870053674 0.0006038373747900035
11.632108027006753 0.00048273797532034213 0.0003711507751711178 0.0006025333558620772
11.636509127281823 0.0004816316176030888 0.00037024131679324885 0.0006012442812838609
11.64091022755689 0.0004805331012842699 0.0003692962889805027 0.0005999650014002535
11.64531132783196 0.00047942522073730843 0.00036834779505800813 0.0005987058517936461
11.649712428107028 0.00047833095847259395 0.0003674616409540758 0.0005974294987073335
11.654113528382098 0.00047723195234393727 0.00036659875922961883 0.0005961361515567373
11.658514628657166 0.0004761403668202155 0.00036570180134264986 0.0005948634091419437
11.662915728932235 0.0004750352275542884 0.00036479911808840956 0.0005935808374889271
11.667316829207303 0.0004739588872587285 0.00036389821003815156 0.0005923320541043163
11.671717929482373 0.0004729065193970474 0.0003630004305038881 0.0005910458871299293
11.67611902975744 0.0004718249275650782 0.0003621368694196868 0.0005897841665259099
11.68052013003251 0.00047073482986712066 0.00036125110979180037 0.0005885285338673176
11.684921230307578 0.00046965073729809037 0.000360395888330334 0.0005872689582017422
11.689322330582648 0.0004685689161272598 0.00035950406464587255 0.0005859990977064554
11.693723430857716 0.000467495796060534 0.00035860865982152387 0.0005847671828434946
11.698124531132786 0.0004664282088929861 0.000357694900627071 0.0005834952222349428
11.702525631407854 0.00046535956532855365 0.0003567834697527943 0.0005822597033972665
11.706926731682923 0.00046430059791996924 0.00035589393031287294 0.0005810146182247689
11.711327831957991 0.0004632355539871635 0.00035498704406366745 0.0005797259549746303
11.715728932233061 0.00046217888261220255 0.00035410890670258975 0.0005784753455754246
11.720130032508129 0.0004611424657260276 0.00035324838342856246 0.0005772076925367943
11.724531132783198 0.0004600958849063371 0.0003523591433956363 0.0005759424049501114
11.728932233058266 0.00045906258699141 0.00035148745445636885 0.0005746979613011617
11.733333333333336 0.0004580150489184409 0.0003506180262183044 0.0005734496664681043
11.737734433608404 0.0004569663538729156 0.0003497422410886951 0.0005722197901966018
11.742135533883474 0.0004558983166975881 0.00034887585425310625 0.0005710005160430953
11.746536634158542 0.0004548731971254353 0.0003480152289397278 0.000569762946631422
11.75093773443361 0.00045383936970285973 0.00034716155957068527 0.000568549201890578
11.75533883470868 0.0004528146854494069 0.00034630278024012586 0.0005673276782698293
11.759739934983747 0.0004517764083424726 0.0003454341770245488 0.0005661049320602685
11.764141035258817 0.00045074395589509634 0.000344587959894684 0.0005648599647507747
11.768542135533885 0.00044971152016216425 0.0003437391675009237 0.0005636319108414785
11.772943235808954 0.0004486667597675021 0.0003428992999268905 0.0005624272816689806
11.777344336084022 0.0004476554617690783 0.00034204679252358044 0.0005612510001925858
11.781745436359092 0.0004466231321175483 0.00034120814406281963 0.0005600499955425021
11.78614653663416 0.0004455858131890651 0.0003403773378246733 0.0005588472085689836
11.79054763690923 0.00044456318533224047 0.0003395485119836702 0.000557620034580954
11.794948737184297 0.0004435349961282231 0.00033870456561453725 0.0005564402241803779
11.799349837459367 0.000442510991830413 0.0003378698339632738 0.0005552407564373023
11.803750937734435 0.0004414964817395551 0.00033702296053786694 0.000554046645094943
11.808152038009505 0.0004405064292795788 0.00033619003628210145 0.000552865424076639
11.812553138284573 0.00043951370372791187 0.00033534970431716403 0.0005516855430865737
11.816954238559642 0.0004384971505289725 0.0003345161940664632 0.0005505049506126788
11.82135533883471 0.00043748026767780404 0.0003336847555019135 0.0005493132015642817
11.82575643910978 0.000436478510051914 0.00033288170930360076 0.0005481381777546474
11.830157539384848 0.0004354911266496434 0.00033205808100767874 0.0005469572326088981
11.834558639659917 0.00043450014419706216 0.0003312103390089666 0.0005457670574531027
11.838959739934985 0.00043350537810651966 0.00033038367619105693 0.0005446022528794194
11.843360840210055 0.00043250513636075756 0.0003295664005885664 0.0005434314137052327
11.847761940485123 0.0004315135733840978 0.00032875114669428146 0.0005422685109264888
11.852163040760193 0.00043052849521937994 0.00032793387792390044 0.0005411040408868032
11.85656414103526 0.0004295203580200692 0.00032712102842692524 0.0005399466523666208
11.86096524131033 0.0004285260614699296 0.0003263009363588377 0.0005387917394298465
11.865366341585398 0.0004275432964437704 0.00032549878400717474 0.0005376090422708645
11.869767441860468 0.00042656700761822835 0.0003247050282386581 0.0005364393871673134
11.874168542135536 0.0004255937297722167 0.0003239151579323662 0.0005352832943656326
11.878569642410605 0.0004246053304127102 0.0003231416782971885 0.0005341296930860086
11.882970742685673 0.00042364578135880725 0.00032233982612369397 0.0005329624874022853
11.887371842960743 0.0004226756301774421 0.00032157072582775166 0.0005318266070319253
11.89177294323581 0.00042170324137410066 0.00032077970771405336 0.0005306837847419562
11.89617404351088 0.00042074513646547806 0.00031998627861551556 0.0005295398431727189
11.900575143785948 0.00041978098211017294 0.0003191896982318733 0.0005283871743203307
11.904976244061018 0.00041881561643644817 0.00031838077946318844 0.0005272532206484846
11.909377344336086 0.00041787333071646645 0.0003176381549570701 0.0005261237971601459
11.913778444611154 0.0004169047596898211 0.0003168651976022052 0.0005250133050216611
11.918179544886224 0.0004159298356357738 0.0003160746378281866 0.0005238990495742647
11.922580645161291 0.00041498049127795285 0.0003153041839094048 0.0005227975201096432
11.926981745436361 0.00041405420800838554 0.0003145518014271862 0.0005216747982969065
11.931382845711429 0.00041308197192341603 0.00031377283172628895 0.0005205635130315335
11.935783945986499 0.0004121251696224845 0.00031301937672376855 0.000519461411658917
11.940185046261567 0.000411184240980949 0.00031223641747892407 0.0005183308902695928
11.944586146536636 0.000410241946331084 0.0003114703853902816 0.0005172193083961273
11.948987246811704 0.0004092963882299388 0.0003107081165301335 0.000516109666782333
11.953388347086774 0.0004083569607784073 0.00030995371357598467 0.0005150323062375878
11.957789447361842 0.00040742434953565653 0.0003091881305732219 0.000513924745100824
11.962190547636911 0.00040649753274225463 0.0003084367394805927 0.0005128503459775545
11.96659164791198 0.0004055645781304207 0.000307692497141469 0.0005117731951671514
11.970992748187049 0.00040462969147226757 0.0003069576308995133 0.0005106860052773239
11.975393848462117 0.0004036990255360254 0.0003062008310642269 0.0005095813965806243
11.979794948737187 0.0004027531773754965 0.0003054448095672458 0.0005084537386059653
11.984196049012255 0.000401823302545563 0.00030466717219564934 0.0005073703521845359
11.988597149287324 0.00040088652717116483 0.0003039039563140788 0.0005062858338273686
11.992998249562392 0.00039995937395752475 0.0003031677952965844 0.000505208042265725
11.997399349837462 0.00039904404939135156 0.0003024399060697818 0.0005041369922029038
12.00180045011253 0.00039811914247936246 0.00030167864579629664 0.0005030637910429693
12.0062015503876 0.000397180645994107 0.0003009464000386896 0.0005019884146008473
12.010602650662667 0.00039626868120087584 0.0003002038194235341 0.0005008876649412167
12.015003750937737 0.00039537150195287005 0.0002994396546521375 0.0004998058354407366
12.019404851212805 0.0003944722269254501 0.0002987010436108939 0.0004987159936701841
12.023805951487875 0.00039355767019746697 0.0002979620155511915 0.0004976042014301957
12.028207051762942 0.0003926547212386251 0.00029723124964294164 0.0004965414491436167
12.032608152038012 0.0003917533601489297 0.0002964838071653653 0.0004954806717726849
12.03700925231308 0.00039085407818105136 0.00029573776232602134 0.0004944207464858568
12.04141035258815 0.00038997626979421615 0.0002950080726094341 0.0004933713478624152
12.045811452863218 0.00038906881788729414 0.0002942847749082567 0.0004923158550390807
12.050212553138287 0.00038817509326132503 0.0002935632505808014 0.0004912684724634951
12.054613653413355 0.0003872798220972626 0.0002928356842380617 0.000490198915250611
12.059014753688425 0.0003863941589825829 0.0002921171208075533 0.0004891316866060897
12.063415853963493 0.00038550412842272303 0.0002913897928608869 0.00048807125273138185
12.067816954238562 0.0003846195339377182 0.00029064978849970723 0.0004870284053930505
12.07221805451363 0.0003837392540064098 0.0002899529902603632 0.00048600894190776317
12.076619154788698 0.00038286703769471774 0.0002892256971849961 0.0004849493905875331
12.081020255063768 0.0003819851014656223 0.0002885277620254172 0.0004838988178113315
12.085421355338836 0.00038111446589759047 0.00028782429556950155 0.0004828786532403979
12.089822455613906 0.00038024297271316407 0.00028711307420547773 0.0004818474967968321
12.094223555888973 0.00037936911661201665 0.0002864000551292433 0.0004808179475128631
