CSFRD_inferred_from_SMD.ecsv
# %ECSV 1.0
# ---
# datatype:
# - {name: Redshift, datatype: float64}
# - {name: sfrd_50, unit: solMass / (yr Mpc3), datatype: float64}
# - {name: sfrd_16, unit: solMass / (yr Mpc3), datatype: float64}
# - {name: sfrt_84, unit: solMass / (yr Mpc3), datatype: float64}
# meta: !!omap
# - cosmology: {H0: 70.0, Omega_lambda: 0.7, Omega_m: 0.3}
# - {IMF: Chabrier03}
# schema: astropy-2.0
Redshift sfrd_50 sfrd_16 sfrt_84
[from data line 2935]
12.917229307326833 0.0002366564377643833 0.00016953238663829217 0.0003127458094775899
12.921630407601903 0.00023610545853999478 0.0001691074593617722 0.0003120654683414129
12.92603150787697 0.0002355585033003675 0.0001686800924103393 0.0003113992145236996
12.93043260815204 0.00023500346480294511 0.00016825832964396887 0.000310730637976205
12.934833708427108 0.00023446009589243763 0.0001678380433159401 0.0003100655103457864
12.939234808702178 0.00023391977185603297 0.00016741685685947992 0.0003093887948897868
12.943635908977246 0.00023338007723337417 0.0001669980241290109 0.00030871932090628543
12.948037009252316 0.0002328423163220543 0.00016658223525021945 0.00030805212970141336
12.952438109527384 0.00023230606788057697 0.00016616487158961518 0.0003073972857570886
12.956839209802453 0.0002317593058823881 0.00016574920578693377 0.00030672453766276086
12.961240310077521 0.00023122065488369512 0.00016533221669903818 0.00030606549519038686
12.96564141035259 0.0002306869430933497 0.00016492201262322535 0.00030539479699920205
12.970042510627659 0.00023014630104585199 0.00016451282419037333 0.0003047347572475742
12.974443610902728 0.00022961318954162319 0.0001640916856470556 0.0003040776697857905
12.978844711177796 0.00022907459168416836 0.00016368471363646756 0.00030341561900374634
12.983245811452866 0.00022853551953910383 0.00016326625413720642 0.00030275674248209376
12.987646911727934 0.00022799859838393667 0.0001628544531830832 0.0003020928089651574
12.992048012003004 0.00022746837613205357 0.0001624367582565364 0.0003014409480766186
12.996449112278071 0.00022693805236214152 0.00016203477130184325 0.0003007878940360937
13.000850212553141 0.0002264095308757747 0.00016163089445955862 0.000300128660240229
13.005251312828209 0.00022587771061178473 0.00016123576255961183 0.0002994710313557547
13.009652413103279 0.00022534850105924032 0.00016083183702746818 0.0002988254583955643
13.014053513378347 0.00022482542134296676 0.00016042968106454807 0.00029818411589811094
13.018454613653416 0.00022431087566230902 0.00016002337025797385 0.00029753697828278344
13.022855713928484 0.00022378249592927346 0.00015962084340572744 0.0002968846966960532
13.027256814203554 0.00022327372213170764 0.00015921974729352857 0.00029624748889178716
13.031657914478622 0.00022274652605396695 0.00015881745179521954 0.00029560464527992914
13.036059014753691 0.00022222144322304863 0.0001584174664298951 0.0002949685086643918
13.04046011502876 0.00022169996774585752 0.00015801330161165195 0.00029433600999221763
13.044861215303827 0.00022118374042855371 0.0001576139741141656 0.00029370036444024283
13.049262315578897 0.00022067143239693957 0.00015720242287622452 0.00029306615242398525
13.053663415853965 0.00022015160048185654 0.00015680398161298538 0.0002924294639333392
13.058064516129035 0.00021964346308987054 0.00015641378046026377 0.00029179480466513265
13.062465616404102 0.00021913781704723813 0.00015602909058827356 0.00029115413013297163
13.066866716679172 0.00021862135303776396 0.00015563868358782723 0.00029050817094432627
13.07126781695424 0.00021811514945664292 0.00015524891885055633 0.00028989012654324057
13.07566891722931 0.00021760418144068207 0.00015486702836390025 0.00028926218899904556
13.080070017504378 0.00021709103435281474 0.00015447186799771187 0.00028863183132504523
13.084471117779447 0.00021658566399777423 0.00015408341736382076 0.00028798157999893455
13.088872218054515 0.0002160882934383292 0.00015368782650310506 0.000287353712313082
13.093273318329585 0.00021558277403334737 0.0001533073716729924 0.0002867392467623393
13.097674418604653 0.00021508411779629452 0.00015291973536361714 0.0002861132042082336
13.102075518879722 0.00021459077346831136 0.0001525347335925557 0.00028548111527942064
13.10647661915479 0.00021410301794989314 0.00015215272152569178 0.00028486715178896487
13.11087771942986 0.00021360127679365197 0.0001517770648177181 0.00028425687901045875
13.115278819704928 0.00021310768369900012 0.0001513986912474043 0.0002836567306777142
13.119679919979998 0.00021261375828854914 0.00015102146701437998 0.00028304798379075185
13.124081020255066 0.00021212618153893437 0.00015064259800665517 0.00028243054018987137
13.128482120530135 0.00021163565168463692 0.0001502620576773631 0.0002818259238556053
13.132883220805203 0.00021114697794318154 0.00014988064567833794 0.00028123203386686154
13.137284321080273 0.00021066119972411128 0.00014951233478520146 0.00028062463031649625
13.14168542135534 0.00021016771380363494 0.00014914542624408164 0.00028001477116624716
13.14608652163041 0.00020967509961461724 0.00014875830600104384 0.0002794063501973802
13.150487621905478 0.0002091862042089065 0.0001483772594974143 0.000278809383141529
13.154888722180548 0.0002086935607955145 0.00014799989306242805 0.0002782094095348972
13.159289822455616 0.00020819884834905633 0.0001476276277937209 0.0002776176613123552
13.163690922730686 0.0002077069685374609 0.00014726125194260305 0.00027701498877135723
13.168092023005753 0.00020722308496447066 0.00014689562834381683 0.00027641076627177416
13.172493123280823 0.0002067383502274971 0.0001465196304857779 0.00027580730565848033
13.176894223555891 0.00020625881862761878 0.00014615664777568424 0.0002752035134012494
13.18129532383096 0.00020578350925050883 0.0001457902574280761 0.0002746064356598097
13.185696424106029 0.00020530727753824928 0.00014543114829442078 0.0002740096540631391
13.190097524381098 0.00020483604674828126 0.0001450645197244951 0.00027341689985850516
13.194498624656166 0.00020436216556687792 0.0001447030913386145 0.0002728250840221709
13.198899724931234 0.00020389268007694813 0.00014434963171303678 0.0002722359646704087
13.203300825206304 0.0002034158321666209 0.00014398710858180673 0.0002716428107183583
13.207701925481372 0.0002029383034520296 0.00014361849137168846 0.00027104779188585567
13.212103025756441 0.0002024666134728465 0.00014325013541875435 0.0002704551471301877
13.21650412603151 0.00020199965569371033 0.00014288248723851892 0.0002698609230814502
13.220905226306579 0.00020152744382898583 0.00014252188757571263 0.0002692739748395865
13.225306326581647 0.00020106255753415497 0.00014216620521883945 0.00026869052846699925
13.229707426856717 0.000200595720496881 0.00014180507549773342 0.00026810929662058616
13.234108527131784 0.00020012412783009054 0.00014144533610735963 0.00026753179856997224
13.238509627406854 0.0001996666976911255 0.0001410898529165669 0.0002669597812099935
13.242910727681922 0.0001992035175960372 0.00014073686495057186 0.000266388900144052
13.247311827956992 0.00019874455387403235 0.00014037732410124182 0.0002658093345692489
13.25171292823206 0.00019827990359640198 0.00014001920419825023 0.00026523517102206495
13.25611402850713 0.00019782386922964127 0.00013966643087078178 0.0002646599131247947
13.260515128782197 0.0001973636593876089 0.00013931669544342155 0.00026408520434972746
13.264916229057267 0.00019690911585439725 0.00013897026443194103 0.00026350924879589734
13.269317329332335 0.00019645554855854486 0.0001386179410477346 0.00026293405192329714
13.273718429607404 0.00019599322803468753 0.0001382666825177164 0.00026236499003824427
13.278119529882472 0.00019553845500261922 0.00013792290285925127 0.00026180242472429734
13.282520630157542 0.00019508208799174067 0.00013757725487183474 0.0002612312884932478
13.28692173043261 0.0001946337452307702 0.00013723447023874887 0.00026066533445023686
13.29132283070768 0.00019418390296813685 0.00013689186530622846 0.00026009130943010833
13.295723930982748 0.00019373129791809218 0.00013655277804250235 0.00025951503805215137
13.300125031257817 0.00019328039785152103 0.000136214411415689 0.0002589485921425778
13.304526131532885 0.00019283076913652965 0.00013587175187940726 0.00025838678499584945
13.308927231807955 0.0001923813900290453 0.00013553987330533292 0.0002578174777686518
13.313328332083023 0.00019193808894920253 0.00013520170042202482 0.0002572535064690336
13.317729432358092 0.0001914867587027978 0.0001348625701367484 0.00025670768822561057
13.32213053263316 0.00019104187033419087 0.00013453126706652356 0.00025613629522001
13.32653163290823 0.00019060406812850791 0.0001342041903681534 0.00025557700966305746
13.330932733183298 0.00019015711776550524 0.00013386675483077783 0.0002550219145669185
13.335333833458368 0.0001897128612903005 0.00013353545966398578 0.00025446802509761555
13.339734933733435 0.0001892677722113673 0.00013319949695776023 0.000253914914746681
13.344136034008505 0.0001888205762827904 0.00013287022275834258 0.0002533640596357181
13.348537134283573 0.00018837883372457457 0.0001325333066863372 0.0002528135642939042
13.352938234558643 0.00018793583347756281 0.00013219673454723026 0.00025226090153117114
13.35733933483371 0.0001875000310953843 0.0001318659943955804 0.00025170857950231957
13.361740435108779 0.00018706088497261381 0.00013153073490138528 0.000251166014563439
13.366141535383848 0.00018662399659128548 0.00013120052923395515 0.0002506221225493265
13.370542635658916 0.0001861920138096332 0.00013087036278626522 0.0002500837507600155
13.374943735933986 0.00018576103252522955 0.00013053198799030385 0.00024954701875974005
13.379344836209054 0.00018532501595591315 0.00013020521022284333 0.00024900418178659044
13.383745936484123 0.0001848890231227951 0.0001298840561438306 0.0002484631601716691
13.388147036759191 0.00018446092024207168 0.00012956024434465164 0.0002479228750216922
13.392548137034261 0.00018403514329250127 0.0001292305618090195 0.0002473875409909676
13.396949237309329 0.00018361014049002146 0.00012890018490781095 0.0002468479511310861
13.401350337584399 0.000183185830458057 0.00012858218888462495 0.00024630875810131104
13.405751437859466 0.00018276301179459775 0.00012825024290287623 0.00024577620904144335
13.410152538134536 0.00018233634396118436 0.0001279180297276405 0.00024524255094829757
13.414553638409604 0.00018191084760985622 0.0001275925843577598 0.0002447124052987098
13.418954738684674 0.00018148609809735597 0.00012727262615415156 0.00024418223136991006
13.423355838959742 0.00018107155015595724 0.00012695611678736126 0.0002436493615704842
13.427756939234811 0.0001806525761388144 0.00012664005931468808 0.00024311838067123966
13.43215803950988 0.00018023529936933937 0.00012632715014601953 0.00024259499002724397
13.436559139784949 0.00017981996762009045 0.0001260170029159593 0.0002420680352547214
13.440960240060017 0.0001794057596949146 0.00012570684972915488 0.0002415457565119379
13.445361340335086 0.00017899391299282586 0.00012538716366837825 0.0002410190439017152
13.449762440610154 0.0001785787121120734 0.00012506890275528826 0.00024049193026308717
13.454163540885224 0.00017817422259368753 0.00012475330397376634 0.00023997397268987072
13.458564641160292 0.00017776840855384394 0.00012444410973444132 0.00023945237317851218
13.462965741435362 0.0001773590829890338 0.00012413364009601974 0.0002389297078132743
13.46736684171043 0.00017694810871141174 0.000123822909128582 0.00023840246474483186
13.4717679419855 0.00017653481931007527 0.00012351931749361185 0.00023787553355006009
13.476169042260567 0.00017612582347817748 0.00012321275941570956 0.00023735747852126327
13.480570142535637 0.00017571659653588083 0.00012289847709328665 0.00023683712729087288
13.484971242810705 0.00017530909926079109 0.0001225843541747521 0.0002363245397624701
13.489372343085774 0.00017489715886844382 0.00012226486732963955 0.00023581696165890316
13.493773443360842 0.00017448567943265458 0.00012195450353326428 0.00023530642512910373
13.498174543635912 0.00017407675261992374 0.00012165196255616737 0.00023479728814769765
13.50257564391098 0.00017366513192463445 0.00012134884045144873 0.0002342907595263781
13.50697674418605 0.00017325560164218378 0.00012103929096995785 0.00023378587540584837
13.511377844461117 0.0001728506597619784 0.0001207346323003728 0.00023327843337177988
13.515778944736187 0.00017244980064766958 0.00012043182452444812 0.00023277526263310323
13.520180045011255 0.00017205003222839588 0.00012013055362074956 0.00023228144700993867
13.524581145286323 0.00017165056490177927 0.0001198375926202997 0.00023179005175924576
13.528982245561393 0.00017125791911850685 0.00011953838073758643 0.00023129769734920222
13.53338334583646 0.0001708591008831358 0.00011923287709146509 0.00023079441690193082
13.53778444611153 0.00017045265113048623 0.00011893848191230327 0.00023029753370564562
13.542185546386598 0.00017006217664629477 0.00011864136883126432 0.00022980467782765185
13.546586646661668 0.00016967355966499058 0.00011834528788949057 0.00022930703403455194
13.550987746936736 0.00016927235512651304 0.00011804651606839498 0.00022880767794250544
13.555388847211805 0.0001688792264080798 0.00011775534393343555 0.0002283019324570793
13.559789947486873 0.00016849397266830349 0.00011746054637746265 0.00022781820030030897
13.564191047761943 0.00016810663826690732 0.00011716720268626259 0.00022732009578803819
13.56859214803701 0.00016771388645999942 0.00011686934807756464 0.00022682911106756978
13.57299324831208 0.0001673202470996663 0.0001165767721461196 0.00022633960864263468
13.577394348587148 0.0001669288370449842 0.00011628672231755285 0.00022584802504388578
13.581795448862218 0.00016654670393674592 0.00011598919062429513 0.0002253515094291784
13.586196549137286 0.00016616718218503894 0.00011568890941751958 0.0002248563771515256
13.590597649412356 0.00016577395018205204 0.00011539204659918149 0.00022436791406619933
13.594998749687424 0.00016537718222495786 0.00011509577296568672 0.0002238814953669752
13.599399849962493 0.0001649920904760154 0.0001148058340928596 0.0002233988478768556
13.603800950237561 0.00016461315224169213 0.00011451898530806051 0.00022291341721833728
13.60820205051263 0.0001642354289931891 0.00011423198397035918 0.00022242932860412856
13.612603150787699 0.0001638555618094853 0.00011394478593636116 0.0002219513488234673
13.617004251062768 0.00016347290480904383 0.0001136619876763679 0.0002214688775912903
13.621405351337836 0.00016309197896650446 0.00011337592781421029 0.00022099351994552243
13.625806451612906 0.00016270727912402034 0.00011308809498187521 0.000220513863331242
13.630207551887974 0.0001623274307685072 0.00011280580117449605 0.0002200362535135505
13.634608652163044 0.00016194872307226713 0.00011251644423007363 0.000219556805404981
13.639009752438112 0.00016156988594188357 0.00011223030295425444 0.0002190769844789332
13.643410852713181 0.0001611880978561279 0.00011194435779170979 0.00021860826627033908
13.64781195298825 0.00016080660249658934 0.0001116606088300584 0.00021812446297637015
13.652213053263319 0.00016043798501835256 0.00011137204199294553 0.0002176412486451649
13.656614153538387 0.0001600620548199089 0.00011109343281633238 0.0002171599129689757
13.661015253813456 0.00015969312228864018 0.00011081862731128687 0.00021668852518282885
13.665416354088524 0.00015931958962307047 0.00011054528704664433 0.00021621947842365442
13.669817454363594 0.00015895027784389745 0.00011025950985808781 0.00021575164647819712
13.674218554638662 0.00015857667659185948 0.00010998556638057433 0.00021528792309721945
13.678619654913732 0.00015820447158484388 0.00010971230355275555 0.00021482139830380186
13.6830207551888 0.00015783373864926167 0.00010943971968339898 0.00021436083491666982
13.687421855463867 0.0001574658123080281 0.00010916590806539824 0.0002138814606865502
13.691822955738937 0.0001571012324444729 0.00010888757741612021 0.00021341652228909114
13.696224056014005 0.00015673789023332228 0.00010860633795211057 0.0002129668390564719
13.700625156289075 0.00015637233505834777 0.00010833290338746259 0.0002125069131269197
13.705026256564143 0.00015601405268616747 0.00010806469036188683 0.00021204463937690913
13.709427356839212 0.00015565436498485215 0.00010779598572104852 0.00021158686253564
13.71382845711428 0.00015529624694941044 0.0001075235615273269 0.00021113046226982013
13.71822955738935 0.00015494022136488227 0.00010725208511507994 0.00021067104301714681
