CSFRD_inferred_from_SMD.ecsv
# %ECSV 1.0
# ---
# datatype:
# - {name: Redshift, datatype: float64}
# - {name: sfrd_50, unit: solMass / (yr Mpc3), datatype: float64}
# - {name: sfrd_16, unit: solMass / (yr Mpc3), datatype: float64}
# - {name: sfrt_84, unit: solMass / (yr Mpc3), datatype: float64}
# meta: !!omap
# - cosmology: {H0: 70.0, Omega_lambda: 0.7, Omega_m: 0.3}
# - {IMF: Chabrier03}
# schema: astropy-2.0
Redshift sfrd_50 sfrd_16 sfrt_84
[from data line 2181]
9.598799699924983 0.0013677899068905044 0.0011249099408981004 0.001610753161804404
9.603200800200051 0.0013645793569984637 0.0011221082957763443 0.0016072711539543776
9.607601900475121 0.001361414795146484 0.0011192754938922388 0.0016038383692489916
9.612003000750189 0.0013582748532625063 0.0011165002886746947 0.0016003858241816912
9.616404101025259 0.00135512900042864 0.0011137700814622092 0.0015968690088878524
9.620805201300326 0.0013519506055509024 0.001110978003571411 0.001593370073601329
9.625206301575396 0.0013488683008314318 0.0011082914499875604 0.0015897945014429532
9.629607401850464 0.001345743191508176 0.001105608156362528 0.0015863781419098002
9.634008502125534 0.0013427041485242815 0.0011028599211308613 0.0015828263370311194
9.638409602400602 0.0013396310136684622 0.0011000884301545358 0.00157927167199667
9.642810702675671 0.0013365872451637918 0.00109729774721783 0.0015757821536573275
9.64721180295074 0.001333518880724943 0.0010945593700969246 0.0015723036307773992
9.651612903225809 0.00133036894315328 0.0010918026506370646 0.0015689034069321147
9.656014003500877 0.001327282748947329 0.0010889633564565109 0.0015655036086075083
9.660415103775945 0.0013242426985649882 0.0010862273028125465 0.0015621018962963795
9.664816204051014 0.001321083698228536 0.0010835322860587883 0.001558659242182436
9.669217304326082 0.0013180383171246947 0.0010808734602023688 0.0015553316820511298
9.673618404601152 0.0013149430159009046 0.0010781728882449729 0.0015519449708161523
9.67801950487622 0.00131188114497889 0.0010755219924440886 0.001548554289430047
9.68242060515129 0.0013088344577048268 0.0010728749013373723 0.0015452090776822466
9.686821705426357 0.0013057843821574432 0.001070229506329387 0.001541910795425163
9.691222805701427 0.001302710697317265 0.0010675744964536663 0.0015384915095483275
9.695623905976495 0.0012996966540799683 0.0010648847845226342 0.0015351286326744282
9.700025006251565 0.0012966243606660666 0.0010621990084851364 0.0015318117843082602
9.704426106526633 0.001293570106377497 0.0010595213147435746 0.0015284567430701912
9.708827206801702 0.0012905017167819737 0.0010569105264098076 0.0015251741709783892
9.71322830707677 0.0012875340222069142 0.001054277464513614 0.0015218473934588438
9.71762940735184 0.0012845976061246316 0.0010516938300002311 0.001518524341135706
9.722030507626908 0.0012815855569513058 0.0010490550227692183 0.001515198604747664
9.726431607901977 0.0012786484289016567 0.0010464582664701189 0.0015119410486088638
9.730832708177045 0.0012757070035300394 0.0010438252363864117 0.001508639869312535
9.735233808452115 0.0012727351396998442 0.0010412046376721735 0.0015053861543792857
9.739634908727183 0.0012698356868392799 0.0010386067912621923 0.0015020279900806012
9.744036009002253 0.0012668812029425261 0.0010360512916766965 0.0014987937164944905
9.74843710927732 0.0012639263997873155 0.0010334574762468096 0.001495544575202078
9.75283820955239 0.001260986807105551 0.0010309213702753642 0.0014922430738619488
9.757239309827458 0.0012580095003803988 0.001028358818897841 0.0014889646537441746
9.761640410102528 0.0012551178884834583 0.0010258319282902553 0.0014856563551763871
9.766041510377596 0.0012522464917734991 0.0010233175392128043 0.0014823188540672284
9.770442610652665 0.0012493535894753712 0.0010207706646277806 0.0014790673012503167
9.774843710927733 0.0012464005650962007 0.001018224049873076 0.001475827963442717
9.779244811202803 0.0012434786204918546 0.001015739060417445 0.00147265999161279
9.78364591147787 0.001240586764796854 0.0010132553423900115 0.0014694703807221518
9.78804701175294 0.001237806066129524 0.0010107666388713648 0.0014662751894751855
9.792448112028008 0.0012349111489091246 0.0010082371848389503 0.0014631038199505455
9.796849212303078 0.0012320420788307523 0.001005725375691286 0.0014598271123699741
9.801250312578146 0.0012291737409716261 0.0010032298320480344 0.001456602299020862
9.805651412853216 0.0012263641086099333 0.0010007503748268652 0.0014534835469321736
9.810052513128284 0.0012235054773172785 0.000998279283294008 0.0014502631857902938
9.814453613403353 0.0012206235387245956 0.0009958025416433374 0.0014470765276348334
9.818854713678421 0.0012177475137246604 0.0009933420042883023 0.0014439417160711902
9.82325581395349 0.0012148963357918935 0.0009908378705676224 0.0014408524771627224
9.827656914228559 0.001212044914174771 0.0009883314914785014 0.0014376228758532597
9.832058014503627 0.001209231798620352 0.0009858309422048964 0.001434536853653228
9.836459114778696 0.0012064068715035962 0.0009833788013673785 0.0014313837003540521
9.840860215053764 0.0012036396005123092 0.0009809432856357264 0.0014282377438267272
9.845261315328834 0.0012008607973299252 0.000978428218512598 0.00142507443393054
9.849662415603902 0.0011980591129433856 0.0009759501109146211 0.0014219709555973765
9.854063515878972 0.0011953170878981384 0.000973545006179934 0.0014188242868565148
9.85846461615404 0.0011925254850064237 0.0009711441353034821 0.0014157732778964322
9.86286571642911 0.0011897450220055607 0.0009687781329136008 0.0014126593021327534
9.867266816704177 0.0011869469754376143 0.0009663622646136284 0.0014096299893174343
9.871667916979247 0.0011841875004825033 0.0009639470802051184 0.0014065407694764057
9.876069017254315 0.0011814389365735851 0.0009615704754661278 0.0014035449349996854
9.880470117529384 0.001178679441786882 0.0009591898367363476 0.0014004840033783738
9.884871217804452 0.001175938168560718 0.0009567813181806767 0.0013974638450006825
9.889272318079522 0.0011732230583249982 0.0009544224052323227 0.0013943642191413944
9.89367341835459 0.0011704533953667282 0.000952088282159119 0.0013913026780815023
9.89807451862966 0.001167663785917393 0.0009496538081397952 0.0013882764136787626
9.902475618904727 0.0011649313483474441 0.0009472657917121098 0.0013852818340194567
9.906876719179797 0.001162196434909805 0.0009448482078161085 0.0013822756958321615
9.911277819454865 0.0011595009831480091 0.0009424398809172703 0.0013792431323778431
9.915678919729935 0.0011567625067805524 0.0009400351609594948 0.0013762322259963855
9.920080020005003 0.001154062107992163 0.0009377404493999327 0.0013731751717602986
9.924481120280072 0.0011513753471303738 0.0009354336655938381 0.0013701398820343414
9.92888222055514 0.0011486809189589693 0.0009331431921201835 0.0013671696204622908
9.93328332083021 0.0011459711818347087 0.000930887010904515 0.0013641695578189253
9.937684421105278 0.0011432702652583713 0.0009285840442064912 0.001361194186208664
9.942085521380347 0.001140621908428654 0.0009262978965961926 0.001358206280404976
9.946486621655415 0.0011380556585277107 0.0009240235066202665 0.0013551393229101632
9.950887721930485 0.0011354075347522973 0.000921721472385859 0.0013521588103297766
9.955288822205553 0.0011327858542834156 0.0009194600564968149 0.0013492153558766285
9.959689922480623 0.001130114093127967 0.0009171512901959547 0.0013462929103174007
9.96409102275569 0.0011274836337245265 0.0009148308250007492 0.0013433303468010143
9.96849212303076 0.0011248781115470365 0.0009124839733644047 0.0013403867686319977
9.972893223305828 0.0011223001273723034 0.0009102095679306081 0.0013374450123210862
9.977294323580898 0.0011197020774413769 0.0009078860497488026 0.0013345216729428956
9.981695423855966 0.0011171290390214399 0.0009056784039240858 0.0013316216918767617
9.986096524131034 0.001114510542677785 0.0009034386704084301 0.0013287888803975329
9.990497624406103 0.0011119660484357734 0.0009011699924410632 0.001325825715874389
9.994898724681171 0.0011093657509397713 0.0008989418456306589 0.0013228889121462946
9.99929982495624 0.0011067778504796901 0.0008966885444085572 0.001319992007711118
10.003700925231309 0.0011041616064001963 0.0008944397867946072 0.0013171290928554076
10.008102025506378 0.001101596591337387 0.0008922114484376465 0.001314230874166925
10.012503125781446 0.0010990639210215246 0.0008900158966351398 0.001311368476638748
10.016904226056516 0.0010965122240608645 0.0008877836812178699 0.0013085473386755717
10.021305326331584 0.0010939933579829136 0.0008856062749874562 0.0013056835994584995
10.025706426606654 0.0010914235587754964 0.0008834319497815912 0.0013028189669203525
10.030107526881721 0.0010888758418306577 0.0008812393925463506 0.0012999954160589
10.034508627156791 0.0010863956397502072 0.000879037425567344 0.001297168386584072
10.038909727431859 0.0010838955887843397 0.0008768217006890208 0.0012943123774674283
10.043310827706929 0.0010813614491813547 0.000874646543733509 0.0012914732866353257
10.047711927981997 0.0010788182357959115 0.0008724404806556267 0.0012886590779241603
10.052113028257066 0.001076290794471241 0.0008702911868204255 0.0012858177126410832
10.056514128532134 0.0010737166933315863 0.0008680553750168866 0.0012830321723487465
10.060915228807204 0.0010712042962731456 0.0008658943012044771 0.001280231441171733
10.065316329082272 0.0010686968016506279 0.0008637717410462919 0.0012774759876964712
10.069717429357341 0.0010662087085437314 0.000861661882621956 0.001274709447534375
10.07411852963241 0.0010637489242660788 0.0008595324811651344 0.0012719096097374677
10.078519629907479 0.001061279103736238 0.0008573945364355041 0.00126915311182119
10.082920730182547 0.0010588036759559324 0.000855276881825223 0.001266439658296096
10.087321830457617 0.0010563522926173964 0.0008531528653009303 0.0012636777627288162
10.091722930732685 0.0010539422249750351 0.0008509786705179477 0.0012609201712612875
10.096124031007754 0.0010514875530354653 0.0008488441515853986 0.0012581454392575045
10.100525131282822 0.0010490447531430137 0.0008467163299849463 0.001255389381055982
10.104926231557892 0.0010466277443948145 0.0008446229594596408 0.001252570841658037
10.10932733183296 0.001044198490584492 0.0008424783191823829 0.0012498932071446772
10.11372843210803 0.0010417480572052398 0.0008403628642597689 0.0012471703626335494
10.118129532383097 0.0010393074727986615 0.000838246925500837 0.001244440631386878
10.122530632658167 0.0010368956172245626 0.0008361539712116383 0.0012416739918353122
10.126931732933235 0.0010344962216294199 0.0008340483132264305 0.0012389613727795067
10.131332833208305 0.0010320781280894818 0.0008319540231413718 0.0012362865501332932
10.135733933483372 0.00102966584523262 0.0008298547576898604 0.0012335667992334474
10.14013503375844 0.0010272820416732551 0.0008277812039360985 0.0012309003169104459
10.14453613403351 0.0010249426940695935 0.0008257097197052432 0.0012282255534696405
10.148937234308578 0.0010225469132237293 0.0008236425694628705 0.0012255759231145948
10.153338334583648 0.0010201501222434077 0.0008215611147747898 0.0012228626944444385
10.157739434858716 0.0010177622225540964 0.0008194980128900507 0.0012201466637412983
10.162140535133785 0.00101538610318771 0.0008174267044403672 0.0012174744092335078
10.166541635408853 0.0010129832804835585 0.0008153475872122812 0.0012147992060014953
10.170942735683923 0.001010643621657514 0.0008132810087358045 0.0012121420223010822
10.17534383595899 0.0010083042700096173 0.0008112276447917132 0.0012095174031980167
10.17974493623406 0.0010059736675295374 0.0008091855574435737 0.0012068853700969518
10.184146036509128 0.0010036719611334734 0.000807180359328796 0.001204285832232591
10.188547136784198 0.0010013496678512 0.0008051312860499257 0.0012016555442018447
10.192948237059266 0.000999065562537245 0.0008031028518596795 0.0011990319157380552
10.197349337334336 0.0009967355329969683 0.0008010565750707475 0.001196444132510216
10.201750437609403 0.0009944343875765568 0.0007990426236928505 0.001193845324457605
10.206151537884473 0.000992100385931509 0.0007970351843547431 0.0011912552118132599
10.210552638159541 0.0009897536257854386 0.0007950169389060707 0.0011886721922712703
10.21495373843461 0.0009874784983617156 0.0007929943780271608 0.0011860612021556307
10.219354838709679 0.0009851843135523092 0.0007910309232598865 0.0011834263914562546
10.223755938984748 0.000982900121939364 0.0007890455938578643 0.0011808383977494504
10.228157039259816 0.0009806305211991838 0.0007871226856016309 0.0011782937919783832
10.232558139534886 0.0009783565728380319 0.0007851001497077289 0.0011757379304470918
10.236959239809954 0.0009761039909362205 0.000783133344702148 0.0011732199917016243
10.241360340085023 0.0009738532133143983 0.0007811835055811062 0.0011706617610895587
10.245761440360091 0.0009715991367758954 0.0007791991043580568 0.0011680982314758435
10.250162540635161 0.0009693433247620581 0.0007772587846582704 0.0011655550336112516
10.254563640910229 0.0009671078353459116 0.0007753663430977789 0.0011629976906310734
10.258964741185299 0.000964855184274593 0.0007734040173046396 0.0011604720722945443
10.263365841460367 0.0009625936168061687 0.0007714875358786522 0.0011580193036080128
10.267766941735436 0.0009603319634942907 0.0007695324655797969 0.001155448735624296
10.272168042010504 0.0009580935459597126 0.0007675978858701471 0.001152957769582556
10.276569142285574 0.0009558877616099532 0.0007656777396813817 0.0011505130130757676
10.280970242560642 0.0009536538296806866 0.0007637472705018813 0.0011480531390937626
10.285371342835711 0.0009514463547352059 0.0007617999303573635 0.0011455915361855504
10.28977244311078 0.0009492160242300415 0.0007599109397524677 0.0011430588960151
10.294173543385849 0.0009469990518558898 0.0007580349850558682 0.0011405938893052847
10.298574643660917 0.000944777584230988 0.0007561249063397598 0.001138165368605794
10.302975743935985 0.0009425696374990807 0.0007542396909479815 0.0011356617154534314
10.307376844211054 0.0009404063736702705 0.0007523328764502409 0.0011332390914773494
10.311777944486122 0.000938207723978087 0.0007504005414320737 0.0011307638789064371
10.316179044761192 0.0009360255544624469 0.0007485345842431521 0.0011282661302057999
10.32058014503626 0.0009338898826357466 0.0007466254343423443 0.001125803208477961
10.32498124531133 0.0009317355525397084 0.000744812392458043 0.0011233773754581165
10.329382345586398 0.0009295948552802899 0.0007429732950030154 0.0011208719247564514
10.333783445861467 0.0009274493791838357 0.0007411510884459643 0.0011184870355710759
10.338184546136535 0.0009252565312648963 0.000739309310614576 0.0011160350247984927
10.342585646411605 0.0009231038251249838 0.0007374235760980888 0.0011135363413351694
10.346986746686673 0.0009209314150310946 0.0007355723786059907 0.0011110710669581102
10.351387846961742 0.000918808027016535 0.0007337186078469536 0.0011086384665085856
10.35578894723681 0.000916654461648813 0.0007318606566973833 0.0011062133673623408
10.36019004751188 0.0009145146887656001 0.0007300338341329481 0.0011039036219035552
10.364591147786948 0.000912401806761173 0.0007282119628354835 0.0011015250506695952
10.368992248062018 0.0009102938063176457 0.0007263899679988804 0.0010991602029790817
10.373393348337085 0.000908191619718706 0.0007245655350594781 0.0010967507751858934
10.377794448612155 0.0009060895743759386 0.0007227425973203138 0.001094316206596849
10.382195548887223 0.0009039897846425914 0.0007209251185759677 0.0010919201094548741
10.386596649162293 0.0009018889016882866 0.0007191218689331989 0.0010895342276013686
10.39099774943736 0.0008997865974368982 0.0007173424485833819 0.001087129597487234
10.39539884971243 0.0008976908833154438 0.0007155546544128274 0.001084755449445243
10.399799949987498 0.0008956296668923029 0.0007137776291096529 0.0010824289079286672
10.404201050262568 0.000893565294219246 0.0007120086148143039 0.0010800826098028853
10.408602150537636 0.0008914980559583318 0.0007102400670952206 0.001077717944667672
10.413003250812706 0.00088944028970868 0.0007084776574374067 0.0010753729841346423
10.417404351087773 0.0008873736350433609 0.0007067043542463426 0.001073067723892335
10.421805451362843 0.0008853304014589191 0.0007049596944826314 0.0010706979394158947
10.426206551637911 0.0008832563334932961 0.0007032150169096694 0.0010683919615214724
10.43060765191298 0.00088115830286477 0.0007014454342065283 0.001066016944283211
10.435008752188049 0.0008790870616417919 0.000699732166798698 0.0010636992675072867
