CSFRD_inferred_from_SMD.ecsv
# %ECSV 1.0
# ---
# datatype:
# - {name: Redshift, datatype: float64}
# - {name: sfrd_50, unit: solMass / (yr Mpc3), datatype: float64}
# - {name: sfrd_16, unit: solMass / (yr Mpc3), datatype: float64}
# - {name: sfrt_84, unit: solMass / (yr Mpc3), datatype: float64}
# meta: !!omap
# - cosmology: {H0: 70.0, Omega_lambda: 0.7, Omega_m: 0.3}
# - {IMF: Chabrier03}
# schema: astropy-2.0
Redshift sfrd_50 sfrd_16 sfrt_84
[from data line 1599]
7.03735933983496 0.005323093258195912 0.004765731474250325 0.005872770999658863
7.041760440110028 0.005310711426619686 0.004754350195722848 0.005859651290082762
7.046161540385097 0.005298630310822888 0.004743238342706675 0.005846629403308591
7.050562640660166 0.005286525987541209 0.004731811191515258 0.00583360066103388
7.054963740935235 0.005274457780947165 0.004720921939257376 0.005820534120885711
7.059364841210304 0.005262281912984324 0.004709662046897647 0.005807608886445183
7.063765941485372 0.00525034682139601 0.004698181897351241 0.005794921351364608
7.068167041760441 0.005238158884247228 0.0046868624036363 0.0057823699968444315
7.07256814203551 0.005226110398779437 0.0046760132694655425 0.005769800368261959
7.076969242310579 0.005214361361736728 0.004664989438189843 0.005756804468738801
7.081370342585648 0.005202494914140878 0.004653613354430382 0.005743818574474293
7.085771442860716 0.005190511831453385 0.004642479384306281 0.005731014998586056
7.090172543135785 0.005178735939820053 0.004631547150528881 0.005718045334046297
7.094573643410854 0.005166929510875103 0.004620573744871784 0.005705292000672901
7.098974743685923 0.005155070552443922 0.004609445430069473 0.005692690072129418
7.1033758439609915 0.005143205209029074 0.004598700721172643 0.0056800067137832136
7.10777694423606 0.005131304737652867 0.004587343019496213 0.005667003659012787
7.112178044511129 0.005119627426902327 0.004576676503331923 0.005654586779182954
7.116579144786198 0.005107920101559904 0.004565735551671943 0.005641647502209706
7.120980245061267 0.005096089105381703 0.004554901379197666 0.005629211843516341
7.1253813453363355 0.005084430973891415 0.004543951507605849 0.0056167908182248325
7.129782445611404 0.0050727910874418195 0.0045331868859859814 0.005604377940664093
7.134183545886473 0.005061146954196311 0.004522337380248858 0.005592050639936706
7.138584646161542 0.0050492406809669104 0.004511523757016974 0.0055797299290940615
7.142985746436611 0.005037573802618967 0.004500945593544265 0.00556735987310834
7.1473868467116795 0.005026148751740942 0.00449038320905697 0.005554744547846984
7.151787946986748 0.005014856193569943 0.004479816098014974 0.005541699884879831
7.156189047261817 0.005003281831789995 0.004468926421925611 0.005528995501693961
7.160590147536886 0.004991577165488001 0.004458369905984277 0.005516610651632614
7.164991247811954 0.004980178297109495 0.004447866507984599 0.005504310574028289
7.1693923480870225 0.004968735151321714 0.00443709018018098 0.005492384060654904
7.173793448362091 0.004957372676967874 0.004426557328510825 0.005480176527007936
7.17819454863716 0.00494608340336684 0.004416003494444041 0.005467878867456197
7.182595648912229 0.004934644842944759 0.004405468244427149 0.005455938551520014
7.186996749187298 0.004923271329694109 0.004394917337506512 0.005444002028019369
7.1913978494623665 0.004911751962029464 0.004384225334577448 0.00543183987650647
7.195798949737435 0.004900276775619262 0.004373830405555643 0.005419637269240432
7.200200050012504 0.004889214970034394 0.004363304781113424 0.005407321067650922
7.204601150287573 0.0048775585890567935 0.004353150000272913 0.005395164065436626
7.209002250562642 0.004866488071803263 0.004342697109599703 0.005383195748394085
7.2134033508377104 0.004855271736715904 0.004332156799157651 0.00537110985359716
7.217804451112779 0.004844033233964388 0.004322018613584822 0.005359737076385781
7.222205551387848 0.004832913613508893 0.004311913065972078 0.005347921350110581
7.226606651662917 0.00482183749919231 0.004301551017932951 0.005336099632156279
7.231007751937986 0.004810900648484984 0.0042911089751586 0.005324678202810444
7.235408852213054 0.004799857447203365 0.0042807301849012375 0.005312795025150385
7.239809952488123 0.00478888733724973 0.004270427903478192 0.005300784889596976
7.244211052763192 0.004777858538080701 0.00426013055272769 0.005289212322949474
7.248612153038261 0.004766920166430289 0.004250154501274022 0.00527699666704424
7.25301325331333 0.004755954390105817 0.004240174373543003 0.0052653873915497985
7.257414353588398 0.004745161853338103 0.004230000050094579 0.005253437709754664
7.261815453863467 0.00473437938101314 0.004219650815683279 0.005241840908708011
7.266216554138536 0.004723708989682865 0.004209815475689871 0.005230404259232616
7.270617654413605 0.00471294006177567 0.004199466705886295 0.005218702442639723
7.2750187546886735 0.004702187557700549 0.004189399972405484 0.0052065992666049735
7.279419854963742 0.004691309285742067 0.004179459020211717 0.005194797441657289
7.283820955238811 0.004680477554660495 0.0041693786637832485 0.005183348551865548
7.28822205551388 0.004669808368631302 0.004159449752095666 0.00517210238839125
7.292623155788949 0.004659113399690034 0.004149645730820348 0.005160357864330404
7.2970242560640175 0.004648388639161771 0.004139713646061883 0.005148993228934041
7.301425356339086 0.00463762029704114 0.004129770957861839 0.005137954990087463
7.305826456614155 0.004627030386327385 0.004120009058837745 0.005126449387547127
7.310227556889224 0.004616363841091533 0.004110317287835975 0.005115051420350951
7.314628657164293 0.00460557850359853 0.004100584927255189 0.00510372707390787
7.3190297574393615 0.004595067966905908 0.004090625624321735 0.005092482015447027
7.323430857714429 0.00458464505641696 0.004080819190683218 0.0050809024689353255
7.327831957989498 0.004574374813120381 0.004070902652353612 0.005069769782521709
7.332233058264567 0.004563882402122814 0.004061274630212975 0.005058422073856898
7.336634158539636 0.004553405975215412 0.004051216665339989 0.005047229486014862
7.3410352588147045 0.004543004362078708 0.004041701104062743 0.005035956556581365
7.345436359089773 0.0045326486702292335 0.004031722143778796 0.00502470880497561
7.349837459364842 0.004522247819696648 0.004022311444258748 0.005013816855006872
7.354238559639911 0.004511891869683917 0.004012587352936336 0.0050026734674439395
7.35863965991498 0.0045016279615824216 0.004002981724082582 0.0049915967874922295
7.3630407601900485 0.0044912693324528335 0.003993232436798876 0.004980475972433362
7.367441860465117 0.004480928165768491 0.003983817630627898 0.0049690683156689945
7.371842960740186 0.004470857566909098 0.003974391512463831 0.004958261242106377
7.376244061015255 0.004460856682632994 0.0039646419805132 0.004947260582342519
7.380645161290324 0.0044505542614673155 0.003955015275451842 0.0049366111236176236
7.3850462615653925 0.004440490431934789 0.003945214177987465 0.004925373758733158
7.389447361840461 0.004430332098518486 0.003935802648104415 0.004914712877139537
7.39384846211553 0.004420128994100979 0.0039261270039242175 0.004903635856422668
7.398249562390599 0.004409915229277099 0.0039167912529326845 0.004892557274311474
7.402650662665668 0.004399825262105413 0.003907304888922021 0.0048814126473324575
7.407051762940736 0.00438979813210982 0.0038978278274334004 0.004870498219353649
7.411452863215805 0.004379684414131857 0.0038883662542580875 0.004859562178589549
7.415853963490874 0.004369700553754173 0.003879024754095837 0.004848844878104545
7.420255063765943 0.004359797988643076 0.003869684720260233 0.004838162113817796
7.424656164041012 0.004349768487827648 0.003860381599414069 0.004827367281901984
7.42905726431608 0.004339990419580043 0.003851251368112094 0.004816765691115583
7.433458364591149 0.004330193860143104 0.0038421266015540453 0.004806198886830524
7.437859464866218 0.004320284796352549 0.0038329858676502022 0.004795439752208075
7.442260565141287 0.004310470544099116 0.0038238098108458332 0.004784923240104924
7.4466616654163555 0.004300574901047568 0.003814749120250415 0.004774215034863058
7.451062765691424 0.004290762980891252 0.003805945711237352 0.004763432587904817
7.455463865966493 0.004280979944487933 0.0037968259828927036 0.004752935095863508
7.459864966241562 0.004271290805646384 0.0037875350446439824 0.004742342010401129
7.464266066516631 0.004261708903135869 0.003778395778066819 0.004731789804556158
7.4686671667916995 0.004251858880139627 0.0037696342553813415 0.004721372615502844
7.473068267066768 0.004242034522702895 0.0037606388909180014 0.004710929712801366
7.477469367341837 0.004232066678322634 0.0037518547302652543 0.00470057613604158
7.481870467616906 0.004222158661420892 0.003742827817491081 0.0046905505348281765
7.486271567891974 0.00421254744437292 0.0037339824606348183 0.00467991918996048
7.490672668167043 0.004202997780546527 0.003724962208463084 0.00466980351642197
7.495073768442111 0.004193260139409141 0.0037161579931605094 0.004659625619139497
7.49947486871718 0.004183459749495371 0.003706960123223295 0.004649180559851275
7.503875968992249 0.004174052335994737 0.0036979689439969126 0.004638577252693207
7.508277069267318 0.00416475517195375 0.003688905103846899 0.0046283124437985325
7.5126781695423865 0.004155303557071862 0.0036799817520934003 0.004618059012471397
7.517079269817455 0.0041457369592773794 0.003671302273448934 0.0046078469367623
7.521480370092524 0.004136076460521342 0.003662450077732059 0.004597795399168312
7.525881470367593 0.0041266609144423655 0.003653728860161599 0.004587398460502679
7.530282570642662 0.0041170452284344915 0.003644815448012316 0.004577118924468591
7.5346836709177305 0.0041076716042334 0.0036356689174988368 0.0045667383184566515
7.539084771192799 0.004098272450801863 0.0036270191209269364 0.004556221426283561
7.543485871467868 0.004088933847432385 0.00361829091692645 0.004546294827177674
7.547886971742937 0.004079663181464665 0.0036093950165473052 0.0045362009961475245
7.552288072018006 0.00407021720793453 0.003600785892463061 0.004526299970446953
7.5566891722930745 0.004060991157501834 0.003592183718897316 0.004516250658623228
7.561090272568143 0.00405169874880124 0.00358357526813087 0.0045064330743770815
7.565491372843212 0.004042465664946237 0.00357498125039963 0.004496384193569065
7.569892473118281 0.00403320731100072 0.003566315403301695 0.004486602720393539
7.57429357339335 0.004023911366619391 0.0035575866219622575 0.00447664281460327
7.578694673668418 0.004014903842100579 0.0035492635100396828 0.004466611249132782
7.583095773943487 0.004005826511349939 0.003540642576661165 0.004456600198618457
7.587496874218556 0.003996590702411358 0.0035322109468708405 0.004446755661177719
7.591897974493625 0.003987507459103222 0.0035236768747803314 0.0044369375086592755
7.596299074768694 0.0039783507357427465 0.003515149585947169 0.004427497653356875
7.600700175043762 0.003969073783359216 0.003506515373685612 0.004417770472329149
7.605101275318831 0.003960024893216018 0.003498061554708251 0.004407701078697241
7.6095023755939 0.00395085514092875 0.0034896989225435887 0.004398019063193432
7.613903475868969 0.003941724891046129 0.003481321249800498 0.00438839369760913
7.6183045761440376 0.003932498229206195 0.00347305332958093 0.004378368302493896
7.622705676419106 0.003923340067945879 0.003464691890113788 0.004368604596275074
7.627106776694175 0.003914314578752206 0.0034562114513490383 0.004358978951127052
7.631507876969244 0.0039052010250145743 0.003447790039148748 0.00434914117998536
7.635908977244313 0.0038959894183471875 0.003439120261915964 0.00433958148407781
7.6403100775193815 0.003887090891851527 0.003430822687780075 0.0043301815612038705
7.64471117779445 0.0038782154544520445 0.0034225108095435643 0.0043206592357693035
7.649112278069518 0.0038693168961232626 0.003414228438099219 0.004311234074085199
7.653513378344587 0.003860646346263766 0.0034059035854250436 0.0043016695148886995
7.657914478619656 0.0038519618949054823 0.0033976652616589083 0.004292081354312382
7.662315578894725 0.003843306497289754 0.0033894358999874 0.004282581784237521
7.666716679169793 0.0038343472361710303 0.003381097710049698 0.004273089802091273
7.671117779444862 0.0038256240671640618 0.0033729212315566793 0.004263438001566079
7.675518879719931 0.0038170264301999133 0.0033649603121779477 0.004254009459186009
7.679919979995 0.003808393160878056 0.003356685941577731 0.004244524961184479
7.6843210802700685 0.0037996803377403124 0.0033483144817423823 0.004235061609168029
7.688722180545137 0.003791122930319017 0.003340132784138389 0.004225592408766443
7.693123280820206 0.003782413277337451 0.0033321782171171644 0.004216141730560162
7.697524381095275 0.003773651823015981 0.003324373354421536 0.004206683514867264
7.701925481370344 0.003765013175329626 0.0033162956213043182 0.004197258767960025
7.7063265816454125 0.003756233091929467 0.0033082625596261143 0.004187966378146606
7.710727681920481 0.00374769917502188 0.0033001870579098145 0.004179058382579966
7.71512878219555 0.003739226665269521 0.003292150688542077 0.004169699736538521
7.719529882470619 0.003730554235050276 0.00328426185238735 0.004160550234844807
7.723930982745688 0.0037222059721158758 0.0032763302358477108 0.004151206366245047
7.7283320830207565 0.003713452735023233 0.003268623530456884 0.004141818126240409
7.732733183295825 0.003704866326092273 0.003260961101996432 0.004132616821380442
7.737134283570894 0.0036963562443598718 0.0032531254510919224 0.004123281947984364
7.741535383845963 0.003687847447730679 0.0032451793264508203 0.0041142452767046565
7.745936484121032 0.003679312070838099 0.003237339384531149 0.0041050687724216856
7.7503375843961 0.003671067905783791 0.0032292435589795438 0.004096152659577289
7.754738684671169 0.0036627149636477754 0.00322141609462143 0.004087162565840367
7.759139784946238 0.003654490872834779 0.003213782002355826 0.004078019863031013
7.763540885221307 0.0036462076927376097 0.0032061715592736654 0.004068984287690521
7.767941985496376 0.0036376680247601875 0.0031984287366209336 0.004059945700621605
7.772343085771444 0.003629029325475557 0.003190608578763352 0.0040511302986327045
7.776744186046513 0.003620666278720077 0.0031828556714093297 0.004042122030521028
7.781145286321582 0.003612395395693622 0.0031749852552639224 0.004033219891865997
7.785546386596651 0.003603924316199731 0.003167456306449037 0.0040243920144616765
7.78994748687172 0.0035956735689419584 0.0031597094405628446 0.00401553858360976
7.794348587146788 0.0035874049819836 0.0031521462928962326 0.004006662812377579
7.798749687421857 0.0035792206888566064 0.003144632773595803 0.003997921418204507
7.803150787696926 0.0035708768076963123 0.003137258721492162 0.003989321945733313
7.807551887971994 0.0035628615785323796 0.0031297400633573252 0.003980658007031198
7.811952988247063 0.003554601130415994 0.003122318113213222 0.003971718496957364
7.816354088522131 0.0035465917292973478 0.003114802383436117 0.003962953620243324
7.8207551887972 0.0035384949819887218 0.0031074517844612323 0.003954289115305939
7.825156289072269 0.0035305489109505625 0.00309997805071741 0.003945413499045969
7.829557389347338 0.0035224988298214214 0.003092527073468205 0.0039367278286085985
7.833958489622407 0.0035145489161012393 0.003085173916388712 0.003928157035448261
7.838359589897475 0.003506540090967028 0.0030779338098874125 0.003919485015882184
7.842760690172544 0.0034985430479415863 0.0030705840827022993 0.003910562996911136
7.847161790447613 0.0034901458839557333 0.003063178996930576 0.0039019994257005314
7.851562890722682 0.0034819684278676573 0.0030555556507032597 0.003893412086985158
7.855963990997751 0.0034739845777515014 0.003047975060109189 0.0038848593119970203
7.860365091272819 0.0034662455020503754 0.003040504643084307 0.003876361260635032
7.864766191547888 0.003458359726390744 0.0030332393863761 0.003867673241633829
7.869167291822957 0.0034503390182324717 0.0030259095060284104 0.003859238647080556
7.873568392098026 0.0034423028434709393 0.0030185475367156163 0.003850902507178182
7.8779694923730945 0.0034344722302408264 0.0030111769043497 0.003842438874307011
7.882370592648163 0.0034263717220287693 0.003003879181638101 0.003833979273757182
7.886771692923232 0.0034182650800582397 0.0029965587950018953 0.003825718478581196
7.891172793198301 0.0034103944712780042 0.0029893293205212855 0.0038175185692554043
7.89557389347337 0.0034025901195067383 0.0029821142704954126 0.0038091114294181504
