CSFRD_inferred_from_SMD.ecsv
# %ECSV 1.0
# ---
# datatype:
# - {name: Redshift, datatype: float64}
# - {name: sfrd_50, unit: solMass / (yr Mpc3), datatype: float64}
# - {name: sfrd_16, unit: solMass / (yr Mpc3), datatype: float64}
# - {name: sfrt_84, unit: solMass / (yr Mpc3), datatype: float64}
# meta: !!omap
# - cosmology: {H0: 70.0, Omega_lambda: 0.7, Omega_m: 0.3}
# - {IMF: Chabrier03}
# schema: astropy-2.0
Redshift sfrd_50 sfrd_16 sfrt_84
[from data line 1202]
5.290122530632659 0.01320442885952492 0.012030665497780299 0.014564211403471205
5.294523630907728 0.0131745238544827 0.012003022177127998 0.014530537094647206
5.2989247311827965 0.013144614321414862 0.011975657179378004 0.014496616363701283
5.303325831457865 0.013114725512188292 0.011948881166986112 0.014462572913946143
5.307726931732934 0.01308511127011718 0.01192164328220484 0.014429113199212614
5.312128032008003 0.013054422727378731 0.011893744101766935 0.014394880502358048
5.316529132283072 0.013024341044612763 0.011865899784775725 0.014361746046855835
5.3209302325581405 0.012994055658614546 0.01183909911551114 0.014328111091423207
5.325331332833209 0.012963923028710345 0.01181213765413616 0.014294229227148118
5.329732433108278 0.012933578866535206 0.011784980929977786 0.014261003013825524
5.334133533383347 0.012904314020161078 0.011758040618411049 0.014227809293631287
5.338534633658416 0.012874357596319299 0.011730922608771547 0.014193927014794147
5.342935733933484 0.012844211289862822 0.011704373799283843 0.014160437004634393
5.347336834208553 0.012814495917743883 0.01167707876165895 0.014127294160480919
5.351737934483622 0.012785157529159576 0.01165095872771238 0.014094066307583163
5.356139034758691 0.012756309913640209 0.011624149775383173 0.01406072553595953
5.36054013503376 0.01272737514757695 0.011597330620856331 0.014027769880277407
5.364941235308828 0.01269798657791446 0.011571303941423238 0.01399564840002036
5.369342335583897 0.01266830925211596 0.011544960423029294 0.013961876815069451
5.373743435858966 0.012639487446216964 0.011518601189915986 0.01392862130266802
5.378144536134035 0.012610734062608953 0.011492340097422104 0.013896903904717062
5.3825456364091036 0.012582478687657803 0.011466198668469192 0.013863879379997848
5.386946736684172 0.012553537129857507 0.01143969979367678 0.01383165334566522
5.391347836959241 0.01252442482455835 0.011413200209928741 0.013798932917302905
5.395748937234309 0.012496264983753412 0.011387004840598965 0.013766721790401212
5.400150037509378 0.012467348862756557 0.011360444811660205 0.013735132797098922
5.404551137784447 0.012438611554793134 0.011334538068273491 0.013703326472150943
5.408952238059515 0.012410082277922046 0.011308748285959618 0.013671485645281223
5.413353338334584 0.012381291457237856 0.011282694938171202 0.013640361627450836
5.417754438609653 0.012353018360547321 0.01125689963996899 0.01360838225061809
5.422155538884722 0.012324844955883747 0.011232002000111352 0.013576696418354033
5.426556639159791 0.01229633506525183 0.011206525115987447 0.013545390946723879
5.430957739434859 0.01226830060299507 0.011180988446291826 0.01351383128374575
5.435358839709928 0.012239851712078899 0.011155136626621017 0.0134827380912126
5.439759939984997 0.012212186039219326 0.011130102651185948 0.013450755863800243
5.444161040260066 0.012184188303958681 0.01110389438757999 0.0134187919394854
5.4485621405351345 0.012156509823618511 0.011078013691150676 0.013387867967524768
5.452963240810203 0.01212915337609819 0.011052815493594634 0.01335689750542368
5.457364341085272 0.012100763759423237 0.011027832633327895 0.013326587257607792
5.461765441360341 0.012073468990539888 0.01100235045957452 0.013295195949116339
5.46616654163541 0.012045940800168735 0.010976832853713621 0.013264588054019992
5.4705676419104785 0.012018217236652697 0.010952024343969202 0.013233240565166874
5.474968742185547 0.011990689330154302 0.010926921676160387 0.01320252872041877
5.479369842460616 0.0119633999256296 0.0109018352439203 0.013171940978995923
5.483770942735685 0.011936252675792947 0.010876896117717746 0.01314122007032264
5.488172043010754 0.011908876439782497 0.010851575806606593 0.013110457420242526
5.4925731432858225 0.011881508156020109 0.010826939449774347 0.013080545724730632
5.496974243560891 0.01185434002810495 0.010802312911375282 0.013049524571996346
5.50137534383596 0.011827322851922563 0.010778182908671791 0.013019089636470117
5.505776444111029 0.011800042214030986 0.010753408380246214 0.0129887229325024
5.510177544386098 0.011772881147472214 0.010728398555219862 0.01295876418538107
5.514578644661166 0.011745549509629902 0.010703709537639812 0.012928964736029997
5.518979744936235 0.011718520853457221 0.01067858003275195 0.012899006928222913
5.523380845211304 0.01169144353299045 0.010654175337293643 0.012869747068890419
5.527781945486373 0.011664657292883147 0.010630024832312537 0.012840733720982758
5.532183045761442 0.011637782669547674 0.010605313245853188 0.012810474142765023
5.53658414603651 0.011610949470684062 0.010581079558610935 0.012780416483907079
5.540985246311579 0.01158438091845272 0.010556724206747123 0.012751558439572425
5.545386346586648 0.01155803618805696 0.010532874607185726 0.012721622814203437
5.549787446861717 0.01153153175498529 0.010508978485701825 0.012691601332893133
5.554188547136785 0.011505534420836423 0.0104850937579855 0.012661941982897508
5.5585896474118535 0.011479548774208446 0.010461383494595305 0.012632067409734936
5.562990747686922 0.01145363304040475 0.010437350166339655 0.012601934960491652
5.567391847961991 0.01142735563509957 0.010413181207225992 0.012572864150243928
5.57179294823706 0.011401351378633167 0.010389744904993701 0.01254295344826192
5.576194048512129 0.011375313527777242 0.010365495875603587 0.012513730701488335
5.580595148787197 0.011348855639367177 0.010341449394797517 0.012484353037825158
5.584996249062266 0.011322708330043188 0.010317494840035397 0.012454686229582157
5.589397349337335 0.011296804054957747 0.01029356480491858 0.012425589279771738
5.593798449612404 0.011270411707893963 0.010269879186247657 0.01239761574646838
5.598199549887473 0.011244886404396661 0.010245897418063499 0.012369633666350494
5.602600650162541 0.011219440109692932 0.010221975673145686 0.01234064101753156
5.60700175043761 0.011193229192893004 0.010198638351987253 0.012311722927816201
5.611402850712679 0.011167225131652012 0.010175191904446157 0.01228283628621295
5.615803950987748 0.011141107798072529 0.010151492026150042 0.012254578473992911
5.6202050512628166 0.011115826807547987 0.010127984803650993 0.012225900975336313
5.624606151537885 0.011090231142531406 0.010105096999216861 0.012197535833221326
5.629007251812954 0.011065170546735443 0.010081935780120935 0.012169068028011978
5.633408352088023 0.01103977425236143 0.010058714556899996 0.0121398067309195
5.637809452363092 0.011014670347760058 0.010035248579539264 0.012111906285537672
5.6422105526381605 0.010989808843747353 0.010012521452355105 0.012083263114467339
5.646611652913229 0.010964730446225203 0.009988857816218574 0.012055994749343187
5.651012753188298 0.010939522527483914 0.00996574681812326 0.012028368973581305
5.655413853463367 0.010914679595336051 0.009942225437099616 0.012001170541293332
5.659814953738436 0.010889730205404975 0.009919800560491208 0.01197321432534257
5.6642160540135045 0.010864784855608 0.009896864716431789 0.011945483716531185
5.668617154288573 0.010839858089410811 0.009873772458472109 0.011916851786995702
5.673018254563642 0.010814926354237617 0.009850922198738456 0.011889374510965207
5.677419354838711 0.010790264734041639 0.009827764556805396 0.011862054135536822
5.68182045511378 0.010765778608133514 0.00980488256380589 0.011835264810078027
5.686221555388848 0.010741320964507462 0.009782155375259323 0.011807466170530384
5.690622655663917 0.010716207239825323 0.009759169068792022 0.011780471111787509
5.695023755938986 0.0106915027605455 0.009736153148060134 0.011752899513143282
5.699424856214055 0.010667294338832563 0.009713430980818645 0.011725495658300488
5.703825956489124 0.010642647483955808 0.009690767775030376 0.011698487048938408
5.708227056764192 0.010618097342700923 0.009668541293687799 0.011670971244440519
5.712628157039261 0.01059395407419149 0.009646024342721094 0.011643957789427981
5.717029257314329 0.010569743063136048 0.0096231148957414 0.011616836248155736
5.721430357589398 0.010545706511988436 0.009600731895091509 0.011590408759426709
5.725831457864467 0.010521043145274732 0.009578409427455626 0.011563879900080242
5.7302325581395355 0.010497051458440819 0.00955652615083053 0.01153731270870309
5.734633658414604 0.010472835250426128 0.009534223410448508 0.011510660127041224
5.739034758689673 0.010448338623651403 0.009512136056563873 0.011484597868264989
5.743435858964742 0.010423938908698034 0.009490293680783954 0.011457911108902145
5.747836959239811 0.010399553367526933 0.00946826919834544 0.011431282215114937
5.752238059514879 0.01037591815426991 0.0094464581512776 0.0114047709021245
5.756639159789948 0.010352374374153196 0.009424795529899015 0.011378480649161494
5.761040260065017 0.010328764104863955 0.009402918383605451 0.011352437636365155
5.765441360340086 0.010304634033796344 0.009380989774153983 0.011326016183177193
5.769842460615155 0.010280786930771287 0.009359636179013954 0.011299505530779547
5.774243560890223 0.010257162590410434 0.009337814722402577 0.011273578110538683
5.778644661165292 0.010233554014432399 0.009316529419783259 0.01124801540334862
5.783045761440361 0.010209877513929832 0.009294782735729706 0.01122137098431957
5.78744686171543 0.010186641331377175 0.009273149621892159 0.011195317581611389
5.791847961990499 0.01016304748902938 0.009251550015543956 0.01116999146421449
5.796249062265567 0.010140030184937018 0.009230046252446533 0.011144073047357926
5.800650162540636 0.010116947868585704 0.00920899144883393 0.011118326439933853
5.805051262815705 0.01009371325182317 0.009187590811934024 0.011093063803367956
5.809452363090774 0.01007045902637382 0.009166163581211357 0.011066724349995035
5.8138534633658425 0.010047426199086381 0.009144474585411903 0.011041046013441526
5.818254563640911 0.010024304835025186 0.009122899277466671 0.011015179399722273
5.82265566391598 0.010001068816382849 0.009101901926481363 0.0109898747785964
5.827056764191049 0.009978238312943803 0.009080856071454617 0.010964354573692714
5.831457864466118 0.00995486523365078 0.009059859817629082 0.010938516647410834
5.8358589647411865 0.009932002080043165 0.009038923966489634 0.010913234132022002
5.840260065016255 0.009909049077528029 0.009017812302256826 0.010888007130655216
5.844661165291324 0.009886209121464422 0.00899632738813593 0.01086220572716664
5.849062265566393 0.009863186383506702 0.008974864889309368 0.01083647217414402
5.853463365841462 0.009840213617867261 0.008953830743670598 0.010811889188937808
5.8578644661165304 0.00981753838969407 0.008932887483103521 0.01078695251519733
5.862265566391599 0.009794856729161921 0.008912109513664659 0.01076118860228259
5.866666666666668 0.009772307468215514 0.00889121445403405 0.01073583544283978
5.871067766941737 0.009750136547115974 0.008870242783842727 0.01071037575048659
5.875468867216805 0.009727185830011649 0.008849545539253881 0.010685506746646409
5.8798699674918735 0.009704775281765372 0.008828826500187322 0.010660953170431569
5.884271067766942 0.009682426366590122 0.0088084020309357 0.010636456309185313
5.888672168042011 0.009659992269729571 0.008788446054883492 0.010611775469336544
5.89307326831708 0.009637582225318115 0.008767486358726786 0.010586876049084697
5.897474368592149 0.009615281722503196 0.008746977123196545 0.01056194071897678
5.9018754688672175 0.009593875222523428 0.008726167628142838 0.010537353393401548
5.906276569142286 0.009571974364761246 0.00870597856166522 0.010512274976286541
5.910677669417355 0.009549972867013774 0.008685746119095946 0.010487286850060059
5.915078769692424 0.009528536901778416 0.008665388895941307 0.010462754885177748
5.919479869967493 0.00950658703601127 0.008644750294216616 0.01043858578367671
5.923880970242561 0.00948455784814314 0.008624498647454263 0.010414597208973583
5.92828207051763 0.009462759509779518 0.008603833222607974 0.010390489988866988
5.932683170792699 0.009440634050877843 0.008583931901933014 0.010366405079521678
5.937084271067768 0.009418543722322623 0.00856384840250301 0.01034230800048635
5.941485371342837 0.009396618426996656 0.00854366237291094 0.010318663546317967
5.945886471617905 0.009375347243389533 0.008522947637235597 0.01029457208795057
5.950287571892974 0.009353384999980728 0.008503112709671383 0.010270441093223557
5.954688672168043 0.009332160478210309 0.008483193240153395 0.010246937576988557
5.959089772443112 0.009310463708832381 0.008463154073154122 0.010223634595939751
5.963490872718181 0.009289334604645254 0.008443519948576433 0.010199390253045601
5.967891972993249 0.009267140618606074 0.008424222324412253 0.010176137621546717
5.972293073268318 0.009245276115382891 0.00840461616240444 0.010152868227148847
5.976694173543387 0.009223762738902715 0.008384647966823875 0.010129325420692482
5.981095273818456 0.00920276283429134 0.008365095978626981 0.01010568440722753
5.9854963740935245 0.009181893439850642 0.008345126085243614 0.010082983903146037
5.989897474368593 0.009160842457823618 0.008326001179537962 0.010059978016416653
5.994298574643662 0.009139508285017427 0.008306768468783745 0.01003654651813218
5.998699674918731 0.009119156490201306 0.008287569844612005 0.010013151997485986
6.0031007751938 0.009098478425709568 0.008268315306218096 0.009990381239481826
6.0075018754688685 0.009077052364007673 0.008248715428489088 0.00996756498890317
6.011902975743937 0.009056014311234034 0.008229369893813905 0.009944474965653984
6.016304076019006 0.009035224955085106 0.008210032513044925 0.009922242402147072
6.020705176294075 0.009014785597358008 0.008190551282579254 0.009899472988694757
6.025106276569144 0.00899346279671404 0.008171626558311017 0.009875921306732682
6.0295073768442125 0.008972923781930582 0.00815286954176306 0.009853347548475732
6.033908477119281 0.008952153661687504 0.008134014902629313 0.0098304322063725
6.038309577394349 0.008931869441415717 0.008114675895913215 0.009807829230581875
6.042710677669418 0.008911418142590558 0.00809555943826928 0.009785531736455947
6.047111777944487 0.00889050838689327 0.008076683656552928 0.009763135289926837
6.0515128782195555 0.008870080837209311 0.008057619613298954 0.009740501935229755
6.055913978494624 0.008850345614467653 0.008038635453336065 0.009718083400589925
6.060315078769693 0.008829893565022442 0.008019645581972509 0.009695567332332936
6.064716179044762 0.008809877289875477 0.008000842129027613 0.009673136052804407
6.069117279319831 0.0087898582541973 0.007982078474358572 0.009651030697130242
6.0735183795948995 0.008769905448051042 0.007963875115480133 0.009629132912825543
6.077919479869968 0.008749416756905902 0.0079455856583092 0.009607321088175505
6.082320580145037 0.008729328509401028 0.007927276615177373 0.009585003710813637
6.086721680420106 0.008709085085980575 0.00790881357724264 0.009563525626166957
6.091122780695175 0.008688565981072257 0.00789082092260954 0.009541175783682746
6.0955238809702434 0.00866862753738375 0.007872292870302423 0.009518947043172299
6.099924981245312 0.008648543892792463 0.007853865212553615 0.009496236162521541
6.104326081520381 0.00862861058946282 0.00783510158043809 0.009474203671178775
6.10872718179545 0.00860874239823415 0.0078165755431911 0.009452902709644155
6.113128282070519 0.008588794782778707 0.0077980646687679095 0.009431648003450581
6.117529382345587 0.008569065155230614 0.007779704658809357 0.009409537199027193
6.121930482620656 0.008549757727424806 0.007761470015595206 0.009387359343757885
6.126331582895725 0.008530709018986412 0.007743377992241576 0.009365601162443667
6.130732683170794 0.00851123775455857 0.007724636148933135 0.00934373854846785
6.135133783445863 0.008491775193790293 0.0077073135078523205 0.009322193327106735
6.139534883720931 0.008472768352218512 0.0076891922840200385 0.009300620256755387
6.143935983996 0.008452935387535415 0.007670677971363898 0.009279481387352713
6.148337084271069 0.008433634185351273 0.007652501824486151 0.0092578199630735
6.152738184546138 0.008414252088219575 0.0076346622232022505 0.009235940101268512
6.1571392848212065 0.008394573392855107 0.007616666335140784 0.00921454507969346
