CSFRD_inferred_from_SMD.ecsv
# %ECSV 1.0
# ---
# datatype:
# - {name: Redshift, datatype: float64}
# - {name: sfrd_50, unit: solMass / (yr Mpc3), datatype: float64}
# - {name: sfrd_16, unit: solMass / (yr Mpc3), datatype: float64}
# - {name: sfrt_84, unit: solMass / (yr Mpc3), datatype: float64}
# meta: !!omap
# - cosmology: {H0: 70.0, Omega_lambda: 0.7, Omega_m: 0.3}
# - {IMF: Chabrier03}
# schema: astropy-2.0
Redshift sfrd_50 sfrd_16 sfrt_84
[from data line 3493]
15.373043260815207 6.842904971712781e-05 4.5156544332801814e-05 9.684961103232204e-05
15.377444361090275 6.827220833812304e-05 4.504357115043247e-05 9.664007267198896e-05
15.381845461365344 6.811325065855818e-05 4.492864877503293e-05 9.643493386798575e-05
15.386246561640412 6.795537408744803e-05 4.481667614144013e-05 9.62302305140783e-05
15.390647661915482 6.77954894025303e-05 4.470453781485021e-05 9.602414941065927e-05
15.39504876219055 6.763591427459716e-05 4.459410643202998e-05 9.581769598611783e-05
15.39944986246562 6.747671476043488e-05 4.4484424787725357e-05 9.560768228343423e-05
15.403850962740687 6.731930981814535e-05 4.4374931675472074e-05 9.540297279276924e-05
15.408252063015757 6.71630672247437e-05 4.426505586580963e-05 9.519600039250248e-05
15.412653163290825 6.70096999520722e-05 4.415675330036883e-05 9.499082468047652e-05
15.417054263565895 6.685820974853941e-05 4.4048301122109956e-05 9.478609118317197e-05
15.421455363840963 6.670553836963143e-05 4.3942199626623155e-05 9.458200313588546e-05
15.425856464116032 6.6553993160468e-05 4.3836353703475185e-05 9.438159582588543e-05
15.4302575643911 6.640123155864206e-05 4.37278416305594e-05 9.418210659086698e-05
15.43465866466617 6.624902441006161e-05 4.3617542323078114e-05 9.397646624337791e-05
15.439059764941238 6.60971661830722e-05 4.3508794425231596e-05 9.37795640872758e-05
15.443460865216307 6.594591891763714e-05 4.340507427587304e-05 9.358439460913713e-05
15.447861965491375 6.579449729839977e-05 4.3298774780888675e-05 9.338234903240135e-05
15.452263065766443 6.564367704146947e-05 4.319117548617596e-05 9.317478961431992e-05
15.456664166041513 6.549144126892029e-05 4.308738736020166e-05 9.297647881336079e-05
15.46106526631658 6.533806353945005e-05 4.298192402605497e-05 9.277445668236828e-05
15.46546636659165 6.518736590880743e-05 4.287868563257394e-05 9.257270655346094e-05
15.469867466866718 6.503803739921037e-05 4.277128361146515e-05 9.237619106444489e-05
15.474268567141788 6.488816315489206e-05 4.2663377776872e-05 9.217722855969593e-05
15.478669667416856 6.47378479734842e-05 4.255574417299962e-05 9.198082643449787e-05
15.483070767691926 6.458797634804569e-05 4.245023519718072e-05 9.178239673510635e-05
15.487471867966994 6.443952593439446e-05 4.2346382024642874e-05 9.158181724039233e-05
15.491872968242063 6.429270968070708e-05 4.2242782925643086e-05 9.138129831518934e-05
15.496274068517131 6.414442475390697e-05 4.2139437278598304e-05 9.118339193785015e-05
15.5006751687922 6.399301320948966e-05 4.2036344463446206e-05 9.098591417046621e-05
15.505076269067269 6.384326298800846e-05 4.193350386164165e-05 9.078886408478823e-05
15.509477369342338 6.369641072746748e-05 4.1828584155382086e-05 9.059546309813904e-05
15.513878469617406 6.355173579316141e-05 4.172807842388081e-05 9.040232324837186e-05
15.518279569892476 6.340754372831335e-05 4.1626489173536094e-05 9.020436797600089e-05
15.522680670167544 6.326386616701174e-05 4.152465126987781e-05 9.00120913210515e-05
15.527081770442614 6.31189644610576e-05 4.14230625094652e-05 8.981741365040146e-05
15.531482870717682 6.297427716986979e-05 4.132172228277719e-05 8.962290745639417e-05
15.535883970992751 6.283211717328149e-05 4.122016688929032e-05 8.943155834898927e-05
15.540285071267819 6.268763508318823e-05 4.111978499994246e-05 8.92406177808956e-05
15.544686171542889 6.254197169882162e-05 4.101756994102694e-05 8.905008487986259e-05
15.549087271817957 6.239921865000207e-05 4.0915010694741605e-05 8.886406720882616e-05
15.553488372093026 6.225656562181288e-05 4.0817167687040285e-05 8.867023859928385e-05
15.557889472368094 6.21149882754107e-05 4.0716959364586194e-05 8.848092348453246e-05
15.562290572643164 6.197335841886918e-05 4.061352020617246e-05 8.829201256642272e-05
15.566691672918232 6.183151679525485e-05 4.05103438291027e-05 8.810350498197588e-05
15.571092773193302 6.169084988837399e-05 4.040796569550754e-05 8.791228493737848e-05
15.57549387346837 6.154897189897639e-05 4.030850630168474e-05 8.771897464098469e-05
15.57989497374344 6.140730317698898e-05 4.0209291715311304e-05 8.752848763129687e-05
15.584296074018507 6.126722566911723e-05 4.011032133382292e-05 8.733927850234567e-05
15.588697174293577 6.112861903966026e-05 4.00115945561383e-05 8.714817427359547e-05
15.593098274568645 6.0988018015167855e-05 3.991304758976011e-05 8.69616537549486e-05
15.597499374843714 6.084973056926128e-05 3.981364421878114e-05 8.67795133345885e-05
15.601900475118782 6.071105479043334e-05 3.971642592527982e-05 8.659775440573986e-05
15.606301575393852 6.0570935857017774e-05 3.9617884199698055e-05 8.640863034103711e-05
15.61070267566892 6.0434743332712634e-05 3.9517151218963446e-05 8.621763237571816e-05
15.615103775943988 6.0297694579308615e-05 3.941850021605264e-05 8.602871057426796e-05
15.619504876219057 6.015917104305531e-05 3.932101320742471e-05 8.584570178975825e-05
15.623905976494125 6.001996310312772e-05 3.922539361080655e-05 8.566031429105948e-05
15.628307076769195 5.988334682578459e-05 3.912677801369474e-05 8.547373621334112e-05
15.632708177044263 5.974726066090913e-05 3.903033718194047e-05 8.528992628993701e-05
15.637109277319333 5.961198727221249e-05 3.8934557925263244e-05 8.510781241014302e-05
15.6415103775944 5.9476321489987576e-05 3.8839013707959733e-05 8.492608738594621e-05
15.64591147786947 5.934074274592101e-05 3.874370395325044e-05 8.474475038704903e-05
15.650312578144538 5.920404451964022e-05 3.8645766349161796e-05 8.456380058492717e-05
15.654713678419608 5.906696098237844e-05 3.855099890824218e-05 8.43829749765891e-05
15.659114778694676 5.892993749058873e-05 3.845646385675889e-05 8.420073650168452e-05
15.663515878969745 5.879415764875796e-05 3.836004943163236e-05 8.4018328625981e-05
15.667916979244813 5.865940977988706e-05 3.826271234830908e-05 8.383631590872194e-05
15.672318079519883 5.852375045580947e-05 3.817001601906643e-05 8.365627887703109e-05
15.67671917979495 5.838982438256035e-05 3.807754425857303e-05 8.347669488646788e-05
15.68112028007002 5.825715145489079e-05 3.798451846309505e-05 8.329568813470182e-05
15.685521380345088 5.812336959346802e-05 3.789051355591297e-05 8.31157701540237e-05
15.689922480620158 5.798926167360323e-05 3.77973773041797e-05 8.293500478855211e-05
15.694323580895226 5.785580099263968e-05 3.7706079150207955e-05 8.275431045979027e-05
15.698724681170296 5.772301753391661e-05 3.761289501412852e-05 8.25740098181127e-05
15.703125781445364 5.75902630565927e-05 3.751677617570109e-05 8.23975392830475e-05
15.707526881720433 5.7457860130505403e-05 3.742456677986731e-05 8.222335148660694e-05
15.711927981995501 5.732422340686882e-05 3.7332584017916975e-05 8.204668968515956e-05
15.71632908227057 5.719254191100627e-05 3.724082733282523e-05 8.187127533241829e-05
15.720730182545639 5.7061879209742027e-05 3.714929616893643e-05 8.169606987047006e-05
15.725131282820708 5.6928029211698864e-05 3.705798997196056e-05 8.151632274332589e-05
15.729532383095776 5.679551418522123e-05 3.696663293148474e-05 8.134778580211658e-05
15.733933483370846 5.6665946835075574e-05 3.687454156798374e-05 8.117174772113157e-05
15.738334583645914 5.653624678269041e-05 3.678240554518061e-05 8.099422985781574e-05
15.742735683920984 5.6407338828884035e-05 3.6690499736642736e-05 8.08231075683372e-05
15.747136784196051 5.6278622661118716e-05 3.660013756599971e-05 8.065374988933802e-05
15.751537884471121 5.6148516783954244e-05 3.651002495911094e-05 8.048446555053841e-05
15.755938984746189 5.6017918267052236e-05 3.6416607930935666e-05 8.031057863414216e-05
15.760340085021259 5.588963858312074e-05 3.632516716225988e-05 8.013832857544505e-05
15.764741185296327 5.5760890182876496e-05 3.623305862995731e-05 7.996840330925381e-05
15.769142285571396 5.563050015811358e-05 3.6139406324463815e-05 7.979611287804337e-05
15.773543385846464 5.550152576054189e-05 3.604599608386532e-05 7.962545504305667e-05
15.777944486121532 5.5373865547817284e-05 3.595309592911847e-05 7.945943414305886e-05
15.782345586396602 5.5248292263058796e-05 3.586227391740391e-05 7.929245552248773e-05
15.78674668667167 5.512227427814192e-05 3.577426372000007e-05 7.911803658733341e-05
15.79114778694674 5.499739336807977e-05 3.568453339896005e-05 7.895279325266703e-05
15.795548887221807 5.4869936998483814e-05 3.5595342705533745e-05 7.87883603923692e-05
15.799949987496877 5.474419130361987e-05 3.550523847459847e-05 7.862222130997755e-05
15.804351087771945 5.462024325048984e-05 3.5418203001169726e-05 7.845496193813649e-05
15.808752188047015 5.449455865019164e-05 3.53314897031018e-05 7.828729437035076e-05
15.813153288322082 5.437153347430912e-05 3.5244947324532976e-05 7.811970797788648e-05
15.817554388597152 5.4246720171157615e-05 3.515869947971379e-05 7.794767647825567e-05
15.82195548887222 5.411897481665531e-05 3.507262151614337e-05 7.77824892028222e-05
15.82635658914729 5.399363566034615e-05 3.498675429460609e-05 7.761809137970208e-05
15.830757689422358 5.386916870417239e-05 3.4900906400946996e-05 7.7454316122734e-05
15.835158789697427 5.3744161053550635e-05 3.481580985374938e-05 7.728878705385183e-05
15.839559889972495 5.361919388284224e-05 3.473085310363446e-05 7.712361174024155e-05
15.843960990247565 5.349627490481967e-05 3.4645382528653276e-05 7.696044230048886e-05
15.848362090522633 5.3372500591628794e-05 3.456056130320078e-05 7.679446166675972e-05
15.852763190797702 5.324991215233958e-05 3.447594774294812e-05 7.662854821332167e-05
15.85716429107277 5.312727489851775e-05 3.439154133947498e-05 7.646155094607966e-05
15.86156539134784 5.3003669004267586e-05 3.4307350424285416e-05 7.629617001372284e-05
15.865966491622908 5.288138460523054e-05 3.422334797540674e-05 7.613411112517017e-05
15.870367591897978 5.275962564819905e-05 3.4139560004182525e-05 7.597200665052873e-05
15.874768692173046 5.26380099611969e-05 3.4055977168473624e-05 7.580656839667288e-05
15.879169792448115 5.2517023614696704e-05 3.3971800701292024e-05 7.564437792425963e-05
15.883570892723183 5.2395765810016084e-05 3.388698054268853e-05 7.548383304920667e-05
15.887971992998253 5.227476086863781e-05 3.380237215991365e-05 7.53240570518496e-05
15.89237309327332 5.215467425375357e-05 3.371960083878148e-05 7.516192825691183e-05
15.89677419354839 5.203510787741723e-05 3.3635506283096615e-05 7.500098682634185e-05
15.901175293823458 5.191582355749568e-05 3.3551813922310265e-05 7.484099593066644e-05
15.905576394098528 5.179692220815716e-05 3.3468552144446496e-05 7.467746581150817e-05
15.909977494373596 5.167730481687291e-05 3.3384685705835474e-05 7.451583703717742e-05
15.914378594648666 5.155867833184753e-05 3.3301813603338156e-05 7.435518388445664e-05
15.918779694923733 5.1438616944599396e-05 3.321758276663822e-05 7.419487709348268e-05
15.923180795198803 5.132014180673128e-05 3.31343452141476e-05 7.403821628956145e-05
15.927581895473871 5.120042762376427e-05 3.3051316240655434e-05 7.388061557155566e-05
15.93198299574894 5.108069042477199e-05 3.296849532349855e-05 7.372335032876192e-05
15.936384096024009 5.09647227926481e-05 3.2887185791075245e-05 7.35664198470744e-05
15.940785196299077 5.0848963740324115e-05 3.280728065414505e-05 7.34078531194769e-05
15.945186296574146 5.073182969987789e-05 3.272526267914098e-05 7.324922346235083e-05
15.949587396849214 5.0615129603961897e-05 3.264153921291447e-05 7.309093659372839e-05
15.953988497124284 5.05000654310818e-05 3.255996108657768e-05 7.29329917728654e-05
15.958389597399352 5.038379172560705e-05 3.248130728634235e-05 7.277538826061893e-05
15.962790697674421 5.0267887807021636e-05 3.24028434869573e-05 7.261812531944273e-05
15.96719179794949 5.015300595208055e-05 3.2322257032816126e-05 7.246120221338477e-05
15.971592898224559 5.003787382762111e-05 3.2240193126482806e-05 7.230461820808291e-05
15.975993998499627 4.992193542637507e-05 3.216057881504906e-05 7.214837257076253e-05
15.980395098774697 4.9806866408712384e-05 3.208178536349851e-05 7.199354000757236e-05
15.984796199049764 4.969085786120378e-05 3.200318495598624e-05 7.184158495879644e-05
15.989197299324834 4.957535657723116e-05 3.192336791821184e-05 7.168627475798444e-05
15.993598399599902 4.9461267482679214e-05 3.184252263110439e-05 7.15331482144294e-05
15.997999499874972 4.93471583119198e-05 3.176135004972473e-05 7.138087760698952e-05
16.00240060015004 4.9232770484583346e-05 3.168038439134181e-05 7.122860304233902e-05
16.006801700425108 4.9120596154021294e-05 3.159962512848099e-05 7.107797139803799e-05
16.01120280070018 4.900849118585317e-05 3.1519071735012144e-05 7.092510545719089e-05
16.015603900975247 4.889471275851393e-05 3.143872368614645e-05 7.077085254862672e-05
16.020005001250315 4.878205189129149e-05 3.136128097478676e-05 7.061693512013893e-05
16.024406101525383 4.86708830864655e-05 3.128421590628217e-05 7.046429478381665e-05
16.028807201800454 4.8558609615165156e-05 3.120734021220991e-05 7.031462247885186e-05
16.033208302075522 4.8445323063386435e-05 3.112995896008395e-05 7.01628518999798e-05
16.03760940235059 4.833219939481294e-05 3.105274279128154e-05 7.001430520499397e-05
16.042010502625658 4.822221050410672e-05 3.097391694809442e-05 6.986355850242281e-05
16.04641160290073 4.811180998895198e-05 3.0899374980449825e-05 6.971613902335036e-05
16.050812703175797 4.8001606491776177e-05 3.082501240583942e-05 6.956558977352605e-05
16.055213803450865 4.789309204148388e-05 3.075003693082296e-05 6.94153508817208e-05
16.059614903725933 4.778439065497882e-05 3.067249309663032e-05 6.926827598520756e-05
16.064016004001004 4.767692046451671e-05 3.059433425481157e-05 6.912202825594204e-05
16.068417104276072 4.756876554368213e-05 3.051789384516118e-05 6.897347498159359e-05
16.07281820455114 4.746074613526148e-05 3.0441896716511916e-05 6.88252209048006e-05
16.077219304826208 4.7353694636194165e-05 3.036827986421919e-05 6.867891844279996e-05
16.08162040510128 4.72459858379923e-05 3.0292609001519235e-05 6.853346992411557e-05
16.086021505376348 4.713716002461047e-05 3.0217207550105238e-05 6.838714870916531e-05
16.090422605651415 4.703044630187377e-05 3.0142766651616625e-05 6.82382417906085e-05
16.094823705926483 4.692406739170509e-05 3.0068509140083393e-05 6.808965910358951e-05
16.09922480620155 4.6818764591529356e-05 2.999543086981404e-05 6.794236443837362e-05
16.103625906476623 4.671330989312182e-05 2.992290146239773e-05 6.779632666780115e-05
16.10802700675169 4.660593003327186e-05 2.9849318166349304e-05 6.76506027960842e-05
16.11242810702676 4.649833803751486e-05 2.9774344312800063e-05 6.750519214851716e-05
16.116829207301826 4.639060360833865e-05 2.9699956613453373e-05 6.73573575884222e-05
16.121230307576898 4.628373614510156e-05 2.9624961078113512e-05 6.721437347481014e-05
16.125631407851966 4.617539704206073e-05 2.9550550752165546e-05 6.706968385457342e-05
16.130032508127034 4.6068642627134456e-05 2.9476327325917765e-05 6.692546215644357e-05
16.1344336084021 4.5963679085528445e-05 2.940297438868021e-05 6.678281375957941e-05
16.138834708677173 4.5859918785480236e-05 2.9329050295184646e-05 6.66392683690911e-05
16.14323580895224 4.575587142987905e-05 2.9256748009913926e-05 6.649668349153905e-05
16.14763690922731 4.564833637996942e-05 2.9183964158372896e-05 6.635587004512031e-05
16.152038009502377 4.5542933445059426e-05 2.9112155088841876e-05 6.621129832300694e-05
16.15643910977745 4.543740891444704e-05 2.90409365488833e-05 6.606969399590707e-05
16.160840210052516 4.5333745779201965e-05 2.8969892234447363e-05 6.593087055143321e-05
16.165241310327584 4.522838069020284e-05 2.8899021719317282e-05 6.579074037835998e-05
16.169642410602652 4.512276245262674e-05 2.8828324578319018e-05 6.565124945766458e-05
16.174043510877723 4.5018053768013637e-05 2.8757800387318576e-05 6.550852596860009e-05
16.17844461115279 4.491282998965655e-05 2.8687416592115654e-05 6.536647356410332e-05
16.18284571142786 4.480752777494393e-05 2.861579866020373e-05 6.522888770679728e-05
16.187246811702927 4.470283498054045e-05 2.8546295785025085e-05 6.509159144547367e-05
16.191647911978 4.4600265330995e-05 2.847344443815408e-05 6.495166103132051e-05
