SHMR.ecsv
# %ECSV 1.0
# ---
# datatype:
# - {name: Redshift, datatype: string}
# - {name: M_halo, unit: solMass, datatype: float64}
# - {name: M_star_50, unit: solMass, datatype: float64}
# - {name: M_star_16, unit: solMass, datatype: float64}
# - {name: M_star_84, unit: solMass, datatype: float64}
# meta: !!omap
# - cosmology: {H0: 70.0, Omega_lambda: 0.7, Omega_m: 0.3}
# - {IMF: Chabrier03}
# schema: astropy-2.0
Redshift M_halo M_star_50 M_star_16 M_star_84
[from data line 358]
"1.5 < z < 2.0" 1911644075385.7036 36087224863.150185 31215205886.918995 41790711631.72798
"1.5 < z < 2.0" 2146141197858.4102 40736731364.54203 35488407518.50642 46864528770.982475
"1.5 < z < 2.0" 2409403560239.527 45680066108.402145 40026173747.84621 52200098468.73841
"1.5 < z < 2.0" 2704959730463.1313 50890534412.51356 44832727408.34547 57785105209.442604
"1.5 < z < 2.0" 3036771118035.4604 56365163325.08403 49913129337.10548 63602386660.461426
"1.5 < z < 2.0" 3409285069746.8213 62092252538.88127 55247164062.887245 69618959650.91489
"1.5 < z < 2.0" 3827494478516.315 68036773535.789055 60804701136.65892 75776585875.24568
"1.5 < z < 2.0" 4297004704320.835 74223100268.7456 66574839071.22035 82245701921.06517
"1.5 < z < 2.0" 4824108704165.374 80781938225.6921 72739154605.23488 88985529925.72227
"1.5 < z < 2.0" 5415871378079.487 87509194464.05617 79109560809.89526 95762794243.44441
"1.5 < z < 2.0" 6080224261649.427 94292562075.66145 85597306047.0222 102982177570.26454
"1.5 < z < 2.0" 6826071834272.379 101725771955.54393 92429575131.40594 110443589239.42203
"1.5 < z < 2.0" 7663410868007.463 109151935509.66794 99592259546.5858 117894803313.0913
"1.5 < z < 2.0" 8603464416684.526 116792034143.83202 106643709386.41794 126234679937.85805
"1.5 < z < 2.0" 9658832241158.709 124973449384.78476 114342252983.02881 134230607458.05537
"1.5 < z < 2.0" 10843659686896.086 132885695665.7584 121906899666.43422 143499099384.32086
"1.5 < z < 2.0" 12173827277396.621 141939065420.35324 129777934100.5735 152453431014.02133
"1.5 < z < 2.0" 13667163564620.102 150297013020.22998 137807582381.72177 162396995355.17688
"1.5 < z < 2.0" 15343684089300.133 160150560042.17233 145984624605.4546 172318104257.6082
"1.5 < z < 2.0" 17225859653987.84 169030887738.96075 154405957171.71515 183102042182.56848
"1.5 < z < 2.0" 19338917504552.32 179710108603.2635 163105870216.9186 194060412710.81808
"1.5 < z < 2.0" 21711179456945.098 188981089432.5601 171692204233.23068 205817858427.00357
"1.5 < z < 2.0" 24374441501222.22 200754557055.5875 181183466660.90472 217842452005.06842
"1.5 < z < 2.0" 27364399970746.664 210819391984.45703 189417115029.2294 230897917701.95007
"1.5 < z < 2.0" 30721129988617.59 223390150760.84293 200270884411.15756 244073663074.0304
"1.5 < z < 2.0" 34489622604057.668 234603156252.8829 209364790030.08356 258629015855.32574
"1.5 < z < 2.0" 38720387818125.57 247613577951.50165 220219189749.16483 272844905100.81326
"1.5 < z < 2.0" 43470131581250.17 260282998707.628 230786128001.76984 289153617523.1245
"1.5 < z < 2.0" 48802515836544.336 273082219283.79 240364377495.54257 304141686566.1649
"1.5 < z < 2.0" 54789011795939.56 287993280839.84564 253375273569.81552 322850142331.31024
"1.5 < z < 2.0" 61509857885805.05 299848278202.61096 263715478873.12854 338467177907.9897
"1.5 < z < 2.0" 69055135201623.164 317797388910.9817 276582228692.31464 360005257652.05493
"2.0 < z < 2.5" 94378782777.7539 192970891.53593642 162796218.28467515 224898128.1601532
"2.0 < z < 2.5" 105956017927.76149 238362425.14741653 201911302.10453546 277532609.85196173
"2.0 < z < 2.5" 118953406737.03207 294931182.5430981 250431649.02576405 343279304.21387386
"2.0 < z < 2.5" 133545156292.99028 365358347.8938096 310663308.64624995 425395094.81110656
"2.0 < z < 2.5" 149926843278.6047 453591414.3951675 385512692.30787104 527973576.4558792
"2.0 < z < 2.5" 168318035333.0955 563530181.1758503 478415878.50510985 656185686.937591
"2.0 < z < 2.5" 188965233969.12115 700490324.1054631 594177145.41307 816821618.2856737
"2.0 < z < 2.5" 212145178491.06363 871174727.2240329 738550844.92577 1018532797.2724706
"2.0 < z < 2.5" 238168555197.61606 1083984730.7477973 918632671.9996384 1270997861.3832936
"2.0 < z < 2.5" 267384161583.9944 1349423300.405062 1143673374.8920002 1586793643.6513143
"2.0 < z < 2.5" 300183581357.5592 1679762653.9176865 1423951358.3668034 1980787696.1466084
"2.0 < z < 2.5" 337006432927.19385 2090255087.2524734 1772152111.159255 2472734653.746636
"2.0 < z < 2.5" 378346261713.1933 2600115020.388193 2203601431.7955303 3085185180.582229
"2.0 < z < 2.5" 424757155253.6894 3232075003.681058 2736404314.2481627 3842354884.1679025
"2.0 < z < 2.5" 476861169771.44745 4012467905.253441 3392281034.330961 4774823942.648137
"2.0 < z < 2.5" 535356667741.0741 4970390075.317666 4196049312.2500787 5913794462.956624
"2.0 < z < 2.5" 601027678207.0388 6138921721.79259 5178940640.169682 7298563104.142189
"2.0 < z < 2.5" 674754405311.0686 7553445057.282068 6377365272.520741 8966444823.670774
"2.0 < z < 2.5" 757525025877.192 9255753511.508905 7828070071.8746 10947723918.764431
"2.0 < z < 2.5" 850448934180.2704 11287310786.238213 9568631433.585115 13268513883.125568
"2.0 < z < 2.5" 954771611420.8066 13668081442.37258 11638656183.607967 15983274068.226894
"2.0 < z < 2.5" 1071891319205.1265 16428691889.819654 14094055901.692787 19094074953.743656
"2.0 < z < 2.5" 1203377840777.5906 19618362388.21935 16940765353.128315 22644230674.981728
"2.0 < z < 2.5" 1350993521198.0305 23220352123.09182 20231297968.1874 26619359707.112755
"2.0 < z < 2.5" 1516716888470.924 27275015437.909294 23946392542.618816 31081486047.151527
"2.0 < z < 2.5" 1702769172225.8977 31775958983.074833 28118333201.784897 35980727634.9869
"2.0 < z < 2.5" 1911644075385.7036 36695266482.6052 32691848849.596577 41300158587.91262
"2.0 < z < 2.5" 2146141197858.4102 42036543455.45326 37678618144.24489 47024337321.61493
"2.0 < z < 2.5" 2409403560239.527 47835079247.48428 43093578728.00927 53187023236.90226
"2.0 < z < 2.5" 2704959730463.1313 54017681567.90818 48881376833.42534 59746363791.269516
"2.0 < z < 2.5" 3036771118035.4604 60583398763.701454 55026687274.51768 66695397600.98249
"2.0 < z < 2.5" 3409285069746.8213 67504536803.25888 61518444792.18464 74077952423.13808
"2.0 < z < 2.5" 3827494478516.315 74779336317.49115 68355716862.6555 81854391635.03476
"2.0 < z < 2.5" 4297004704320.835 82534502156.10263 75496151055.40166 90012840197.22128
"2.0 < z < 2.5" 4824108704165.374 90666469490.3701 83043138847.80396 98536550833.92195
"2.0 < z < 2.5" 5415871378079.487 99129711682.63797 91015275903.1294 107362670222.46158
"2.0 < z < 2.5" 6080224261649.427 107829025577.77884 99266549859.97696 116840667251.22209
"2.0 < z < 2.5" 6826071834272.379 117055730791.12723 107652688961.1277 126947625934.49834
"2.0 < z < 2.5" 7663410868007.463 126905430176.64305 116500772120.3398 137267970412.32396
"2.0 < z < 2.5" 8603464416684.526 136822590255.51828 125822279197.36328 148059049111.0387
"2.0 < z < 2.5" 9658832241158.709 147255408629.03177 134968857379.09872 159915482318.27893
"2.0 < z < 2.5" 10843659686896.086 158490254949.85004 145011185940.18787 171668036455.5676
"2.0 < z < 2.5" 12173827277396.621 169289036021.4859 155113305257.01508 184387776379.93628
"2.0 < z < 2.5" 13667163564620.102 181822103824.31122 165383355761.72375 197863265491.2693
"2.0 < z < 2.5" 15343684089300.133 194031814007.40067 176592281317.69742 210959646927.196
"2.0 < z < 2.5" 17225859653987.84 206966294044.27942 187131201559.661 226477444783.62537
"2.0 < z < 2.5" 19338917504552.32 220641577208.2232 199545909381.22278 240861776404.9595
"2.0 < z < 2.5" 21711179456945.098 234208117227.80176 210629493674.17487 257745443903.9829
"2.0 < z < 2.5" 24374441501222.22 249456459689.04675 224276200646.19403 274062960547.2269
"2.0 < z < 2.5" 27364399970746.664 263738535282.37085 236096260444.165 291936771198.6119
"2.0 < z < 2.5" 30721129988617.59 280561197726.1778 250986181844.64346 310312223912.5177
"2.0 < z < 2.5" 34489622604057.668 295951969126.0895 264017052739.6885 329331562193.8767
"2.0 < z < 2.5" 38720387818125.57 314376969268.42566 279930108615.0274 349873469617.40234
"2.0 < z < 2.5" 43470131581250.17 331376405139.1771 294463997081.4937 370554556458.3556
"2.0 < z < 2.5" 48802515836544.336 351346919145.91534 310863277796.0617 393548655658.5905
"2.0 < z < 2.5" 54789011795939.56 370549744818.1803 327630609882.9482 416328317414.1895
"2.0 < z < 2.5" 61509857885805.05 391743427468.16315 343538771141.2365 441813472546.3768
"2.0 < z < 2.5" 69055135201623.164 413619841498.8186 363695595195.416 466879554549.0862
"2.0 < z < 2.5" 77525974886294.64 435177079101.9808 377963159449.0577 494518149249.66785
"2.0 < z < 2.5" 87035913614851.83 461276336527.5465 402926592934.4632 522855860006.5999
"2.0 < z < 2.5" 97712415353465.02 482649387950.696 420423741203.75616 552504949643.5563
"2.0 < z < 2.5" 109698579789238.62 514364379898.23724 445502610370.1894 585370110581.1332
"2.5 < z < 3.0" 133545156292.99028 249608117.78343347 202429860.2696217 289775027.6545244
"2.5 < z < 3.0" 149926843278.6047 310765671.8568569 253688973.57697725 360459856.6828028
"2.5 < z < 3.0" 168318035333.0955 387808887.8313866 317838091.3709467 449826720.9920503
"2.5 < z < 3.0" 188965233969.12115 484927420.5807197 398301087.76923954 563125743.2552203
"2.5 < z < 3.0" 212145178491.06363 607371648.648186 499411188.1029777 707039908.4199128
"2.5 < z < 3.0" 238168555197.61606 762267582.1026816 626756055.3309484 890258059.9855946
"2.5 < z < 3.0" 267384161583.9944 959020247.742881 787648483.4026543 1123782384.2966
"2.5 < z < 3.0" 300183581357.5592 1208547493.4380615 990473611.3818023 1421359053.752276
"2.5 < z < 3.0" 337006432927.19385 1524678335.328527 1245255729.5729198 1800663272.743328
"2.5 < z < 3.0" 378346261713.1933 1924436864.0834267 1565446949.8351548 2283797575.996556
"2.5 < z < 3.0" 424757155253.6894 2428259687.9940124 1966709954.559873 2895742560.023211
"2.5 < z < 3.0" 476861169771.44745 3061811655.3910017 2469002127.350629 3665254211.6566143
"2.5 < z < 3.0" 535356667741.0741 3854189612.1209 3095721515.7606645 4629909362.812034
"2.5 < z < 3.0" 601027678207.0388 4840769853.521056 3877905877.6562586 5828618656.293333
"2.5 < z < 3.0" 674754405311.0686 6061116004.946607 4849904809.395594 7304534433.017262
"2.5 < z < 3.0" 757525025877.192 7558927483.874649 6051310737.648725 9098947370.529055
"2.5 < z < 3.0" 850448934180.2704 9373075968.772148 7520844124.678977 11250443107.549946
"2.5 < z < 3.0" 954771611420.8066 11556300768.13074 9295749342.531668 13793497372.163445
"2.5 < z < 3.0" 1071891319205.1265 14146856743.196436 11435453397.78618 16759382038.142868
"2.5 < z < 3.0" 1203377840777.5906 17161971004.604738 13974124212.65812 20217383492.71427
"2.5 < z < 3.0" 1350993521198.0305 20635822813.185772 16934797890.409098 24166320785.9267
"2.5 < z < 3.0" 1516716888470.924 24615152270.549263 20350778159.262417 28639746740.75091
"2.5 < z < 3.0" 1702769172225.8977 29069049740.48129 24208766006.670944 33628678686.197216
"2.5 < z < 3.0" 1911644075385.7036 34024841188.612835 28534497044.467346 39228034015.25364
"2.5 < z < 3.0" 2146141197858.4102 39467404169.723465 33257664185.206894 45349133699.311584
"2.5 < z < 3.0" 2409403560239.527 45358830570.89318 38415533151.42604 51998636296.40515
"2.5 < z < 3.0" 2704959730463.1313 51715092760.85994 43936578728.851875 59181568524.85597
"2.5 < z < 3.0" 3036771118035.4604 58541719763.726875 49830361080.397255 66916045216.69191
"2.5 < z < 3.0" 3409285069746.8213 65852211217.0314 56123192919.08237 75218028354.99802
"2.5 < z < 3.0" 3827494478516.315 73646943122.35776 62798184768.760315 84115465509.27016
"2.5 < z < 3.0" 4297004704320.835 81949645574.27304 69798336312.28346 93709326660.17397
"2.5 < z < 3.0" 4824108704165.374 90737222783.3114 77058236121.37184 104049252639.78436
"2.5 < z < 3.0" 5415871378079.487 99955156688.28703 84486867109.28433 115186673365.15288
"2.5 < z < 3.0" 6080224261649.427 109489607344.97745 92380503716.77472 127021043196.24458
"2.5 < z < 3.0" 6826071834272.379 119132499199.70314 100508547719.49864 139387996563.52292
"2.5 < z < 3.0" 7663410868007.463 129774651595.30505 108633602717.36545 152060324507.3723
"2.5 < z < 3.0" 8603464416684.526 140700707248.04068 117127125765.61784 165600586562.13483
"2.5 < z < 3.0" 9658832241158.709 151510297161.4742 126383559574.11209 180080824691.305
"2.5 < z < 3.0" 10843659686896.086 163641233686.23758 135279206942.29167 194639914488.44836
"2.5 < z < 3.0" 12173827277396.621 176136347725.65292 145335007108.12158 209647323428.6409
"2.5 < z < 3.0" 13667163564620.102 188159595595.37607 155450082519.17038 226492850903.63214
"2.5 < z < 3.0" 15343684089300.133 202584250521.76813 165599392495.30786 242737837119.4764
"2.5 < z < 3.0" 17225859653987.84 215945042797.2985 177057328216.59247 260798178219.07614
"3.0 < z < 3.5" 149926843278.6047 331222063.4691366 272924758.01804775 388102192.26746327
"3.0 < z < 3.5" 168318035333.0955 429648177.45815307 357502218.9536336 500337841.58274645
"3.0 < z < 3.5" 188965233969.12115 557294129.8938684 467991630.5467278 646323418.7383277
"3.0 < z < 3.5" 212145178491.06363 722934379.0603111 611810958.4475359 837071100.5775667
"3.0 < z < 3.5" 238168555197.61606 938415801.2224396 797556160.5450732 1085657864.4756489
"3.0 < z < 3.5" 267384161583.9944 1218300163.8447926 1036509888.5420109 1407755612.5474148
"3.0 < z < 3.5" 300183581357.5592 1579496048.363747 1345529273.4521468 1824572002.7389607
"3.0 < z < 3.5" 337006432927.19385 2042910623.157573 1741817053.4710143 2364023461.5604877
"3.0 < z < 3.5" 378346261713.1933 2637291028.180203 2248091291.3927827 3058484626.139036
"3.0 < z < 3.5" 424757155253.6894 3398039240.6552114 2890763168.405781 3943643127.9389505
"3.0 < z < 3.5" 476861169771.44745 4360793103.446571 3701819693.552724 5062906328.206599
"3.0 < z < 3.5" 535356667741.0741 5570263292.840104 4726547672.970401 6468623408.68867
"3.0 < z < 3.5" 601027678207.0388 7078400132.363974 6011064981.623707 8220644601.215261
"3.0 < z < 3.5" 674754405311.0686 8946278216.989162 7603862674.556189 10376748126.229012
"3.0 < z < 3.5" 757525025877.192 11239879029.014372 9567888402.944002 13016454478.765347
"3.0 < z < 3.5" 850448934180.2704 14032023581.960474 11975776182.109665 16220501057.671041
"3.0 < z < 3.5" 954771611420.8066 17394758600.85427 14896245728.50089 20066069646.690464
"3.0 < z < 3.5" 1071891319205.1265 21407731895.6505 18422368452.677208 24639312830.79856
"3.0 < z < 3.5" 1203377840777.5906 26156986454.20796 22629494181.296375 30009094162.749577
"3.0 < z < 3.5" 1350993521198.0305 31748305128.25754 27571101714.040764 36314476824.97265
"3.0 < z < 3.5" 1516716888470.924 38196312555.25619 33278607086.950607 43611928377.81196
"3.0 < z < 3.5" 1702769172225.8977 45652865229.453064 39939172678.61299 51989503926.75244
"3.0 < z < 3.5" 1911644075385.7036 54131876745.56788 47441179057.42014 61650869984.603165
"3.0 < z < 3.5" 2146141197858.4102 63811443330.907776 56022958007.72884 72615220097.48706
"3.0 < z < 3.5" 2409403560239.527 74593724021.76517 65497001874.342094 84959999548.92584
"3.0 < z < 3.5" 2704959730463.1313 86868429475.39409 76011927379.5747 99032774590.1454
"3.0 < z < 3.5" 3036771118035.4604 100460193650.6 87643458044.43045 114642545486.72504
"3.0 < z < 3.5" 3409285069746.8213 115403118703.40997 100314978896.98134 131919543058.56989
"3.0 < z < 3.5" 3827494478516.315 131764411202.42566 114062453391.92722 151119620870.66797
"3.0 < z < 3.5" 4297004704320.835 149584131947.53888 128958203551.6663 172506410810.6248
"3.0 < z < 3.5" 4824108704165.374 169012728277.7369 145046812843.72015 195946692305.11597
"3.0 < z < 3.5" 5415871378079.487 190005164950.50372 162415034798.28748 221499140362.50912
"3.0 < z < 3.5" 6080224261649.427 212566692391.9148 181088685962.11847 249215813869.0811
"3.0 < z < 3.5" 6826071834272.379 237122286954.6918 201013158297.80496 279230188423.80194
"3.0 < z < 3.5" 7663410868007.463 263710436349.23053 222150413368.85522 311626515899.0575
"3.0 < z < 3.5" 8603464416684.526 292181450837.6499 244415572807.58554 346434648102.17566
"3.0 < z < 3.5" 9658832241158.709 322491207511.44293 267521685577.18613 383524496080.154
"3.0 < z < 3.5" 10843659686896.086 354483949384.37646 293786673603.61945 423150109065.56946
"3.0 < z < 3.5" 12173827277396.621 387734806707.1075 321438602546.5622 467145181767.3539
"3.0 < z < 3.5" 13667163564620.102 422453013536.1268 349916323606.58777 514248308940.00464
