SHMR.ecsv
# %ECSV 1.0
# ---
# datatype:
# - {name: Redshift, datatype: string}
# - {name: M_halo, unit: solMass, datatype: float64}
# - {name: M_star_50, unit: solMass, datatype: float64}
# - {name: M_star_16, unit: solMass, datatype: float64}
# - {name: M_star_84, unit: solMass, datatype: float64}
# meta: !!omap
# - cosmology: {H0: 70.0, Omega_lambda: 0.7, Omega_m: 0.3}
# - {IMF: Chabrier03}
# schema: astropy-2.0
Redshift M_halo M_star_50 M_star_16 M_star_84
[from data line 179]
"0.8 < z < 1.1" 105956017927.76149 1155642219.8799245 915894258.6784534 1419268908.9285572
"0.8 < z < 1.1" 118953406737.03207 1445273257.4466648 1145217818.645279 1774103110.594834
"0.8 < z < 1.1" 133545156292.99028 1799048036.356738 1425550671.0484602 2206095834.0098367
"0.8 < z < 1.1" 149926843278.6047 2227210290.5561347 1766271733.7236152 2726633776.443473
"0.8 < z < 1.1" 168318035333.0955 2741227184.6538973 2176998005.2263083 3347553379.6715875
"0.8 < z < 1.1" 188965233969.12115 3352105062.839103 2668667937.453568 4084015192.6738844
"0.8 < z < 1.1" 212145178491.06363 4072847547.2865744 3253208601.142004 4949628082.379142
"0.8 < z < 1.1" 238168555197.61606 4916266832.073893 3944171277.7504797 5950528336.741962
"0.8 < z < 1.1" 267384161583.9944 5889850929.27551 4749481255.810985 7103690912.883084
"0.8 < z < 1.1" 300183581357.5592 7013020491.089045 5684294254.349496 8410743713.006804
"0.8 < z < 1.1" 337006432927.19385 8282592412.772265 6757049692.481054 9890262610.318031
"0.8 < z < 1.1" 378346261713.1933 9720422265.193539 7981491432.8858 11536660811.42965
"0.8 < z < 1.1" 424757155253.6894 11320917089.946306 9359355071.401419 13358449603.400076
"0.8 < z < 1.1" 476861169771.44745 13087043413.937788 10911223584.53733 15363186752.102148
"0.8 < z < 1.1" 535356667741.0741 15033541784.67215 12631323528.846914 17545141163.58268
"0.8 < z < 1.1" 601027678207.0388 17160080907.8423 14525844983.014778 19904146801.05832
"0.8 < z < 1.1" 674754405311.0686 19461169849.07593 16595599407.94831 22441687137.299263
"0.8 < z < 1.1" 757525025877.192 21934129763.98999 18849357071.355427 25156334442.87176
"0.8 < z < 1.1" 850448934180.2704 24574115406.475964 21280538130.803722 28037965908.956474
"0.8 < z < 1.1" 954771611420.8066 27379230610.539715 23875291269.017433 31078271085.468826
"0.8 < z < 1.1" 1071891319205.1265 30348254349.83944 26622122782.225502 34272968534.81983
"0.8 < z < 1.1" 1203377840777.5906 33472754680.520275 29525805084.498627 37613415871.41208
"0.8 < z < 1.1" 1350993521198.0305 36775921840.63755 32598817384.52331 41159629211.69683
"0.8 < z < 1.1" 1516716888470.924 40242772854.14785 35816013851.99909 44876627136.83548
"0.8 < z < 1.1" 1702769172225.8977 43845382814.10407 39162036494.739685 48718693321.621765
"0.8 < z < 1.1" 1911644075385.7036 47556636169.06489 42616930721.09448 52667557093.18471
"0.8 < z < 1.1" 2146141197858.4102 51489612014.27612 46242079680.1311 56872875276.83599
"0.8 < z < 1.1" 2409403560239.527 55570359747.9138 50032590159.237816 61149389130.444305
"0.8 < z < 1.1" 2704959730463.1313 59703936895.12492 53891193050.03128 65560564317.85918
"0.8 < z < 1.1" 3036771118035.4604 64126068645.999115 57924950277.633385 70211492921.23212
"0.8 < z < 1.1" 3409285069746.8213 68603115171.01854 62101558670.32402 74817879320.78958
"0.8 < z < 1.1" 3827494478516.315 73231885156.19269 66286461821.92709 79883675105.56308
"0.8 < z < 1.1" 4297004704320.835 78067800455.65958 70796391965.14288 84834565131.72443
"0.8 < z < 1.1" 4824108704165.374 82913483948.91861 75194742146.47577 90229805005.92393
"0.8 < z < 1.1" 5415871378079.487 88103170739.6009 80016334762.99124 95536566963.69211
"0.8 < z < 1.1" 6080224261649.427 93206305818.62679 84675476449.4241 101354899006.50809
"0.8 < z < 1.1" 6826071834272.379 98741169830.83911 89785791757.17664 107033615614.64636
"0.8 < z < 1.1" 7663410868007.463 104172595334.45938 94636814102.56747 113336765645.53287
"0.8 < z < 1.1" 8603464416684.526 110011360608.33263 100096464646.10597 119318805296.07547
"0.8 < z < 1.1" 9658832241158.709 115858579173.43828 105200818183.29523 126205338576.98087
"0.8 < z < 1.1" 10843659686896.086 121912294471.07184 110951692539.42685 132631170807.75784
"0.8 < z < 1.1" 12173827277396.621 128301151168.66548 116475428355.54358 140037126313.62146
"0.8 < z < 1.1" 13667163564620.102 134408573839.62192 122352005667.69089 147157591335.92163
"0.8 < z < 1.1" 15343684089300.133 141509748977.34796 128460507612.8572 154928901175.03583
"0.8 < z < 1.1" 17225859653987.84 148044505866.2649 134244509895.67354 162916852307.9895
"0.8 < z < 1.1" 19338917504552.32 155480838289.945 141128404885.6842 170918250245.9912
"0.8 < z < 1.1" 21711179456945.098 162904133728.94327 147417179341.48358 180002921997.6755
"0.8 < z < 1.1" 24374441501222.22 170151984422.15518 154267588052.12598 188288806631.65433
"0.8 < z < 1.1" 27364399970746.664 178614326422.95847 161300653539.86755 198251067752.70972
"0.8 < z < 1.1" 30721129988617.59 186253605255.0974 167626346574.46573 207497870101.14252
"0.8 < z < 1.1" 34489622604057.668 194952541575.0309 175520778477.43607 217357724122.16464
"0.8 < z < 1.1" 38720387818125.57 203846790709.0455 182860755248.52576 227998669276.39124
"0.8 < z < 1.1" 43470131581250.17 211744812291.12195 189573724661.19058 237475601909.08502
"0.8 < z < 1.1" 48802515836544.336 222245327226.5456 198495486068.31873 249758458972.37558
"0.8 < z < 1.1" 54789011795939.56 231703328651.09482 206346965447.31284 260934342836.7561
"0.8 < z < 1.1" 61509857885805.05 241053652210.78802 213862284798.84384 272602736674.66208
"0.8 < z < 1.1" 69055135201623.164 252701486373.50638 223773971056.53787 286037207177.831
"0.8 < z < 1.1" 77525974886294.64 262774398728.69684 232330743563.7874 297664911580.58075
"0.8 < z < 1.1" 87035913614851.83 274266390848.6362 240804156781.14844 312603647575.30853
"0.8 < z < 1.1" 97712415353465.02 286944435450.13495 252100413567.59 326843799446.72186
"0.8 < z < 1.1" 109698579789238.62 297637543775.4978 261633711751.89883 340245522838.4564
"1.1 < z < 1.5" 52919787359.58458 86687265.63184208 69987841.1232875 104058985.76788755
"1.1 < z < 1.5" 59411339849.6504 108762932.62629566 88335756.03402174 130409689.31938176
"1.1 < z < 1.5" 66699196630.30115 136376328.12064907 111254918.95081772 163639020.0666016
"1.1 < z < 1.5" 74881038575.9003 170960831.46837923 139799322.7495238 205378654.79679525
"1.1 < z < 1.5" 84066528856.18352 214161924.85264748 175268156.5515079 257772781.71815488
"1.1 < z < 1.5" 94378782777.7539 268085058.12092412 219344398.44087344 323483822.93187743
"1.1 < z < 1.5" 105956017927.76149 335412015.2475522 273982850.2225529 405827214.1242168
"1.1 < z < 1.5" 118953406737.03207 419406599.9871661 341756065.379362 508883949.3078964
"1.1 < z < 1.5" 133545156292.99028 523762055.0972785 425657625.7873132 637688641.7044126
"1.1 < z < 1.5" 149926843278.6047 653122066.2383807 529305351.0183498 798219378.9490865
"1.1 < z < 1.5" 168318035333.0955 813770636.7089306 656923965.3181444 998167621.0527369
"1.1 < z < 1.5" 188965233969.12115 1012509093.1919476 814494738.4695983 1246418145.4411645
"1.1 < z < 1.5" 212145178491.06363 1257845938.4236944 1009209255.2158613 1554250675.2033298
"1.1 < z < 1.5" 238168555197.61606 1559639945.6572776 1248282829.108175 1934611369.4075046
"1.1 < z < 1.5" 267384161583.9944 1930329551.479986 1539990847.7979748 2402958582.3302555
"1.1 < z < 1.5" 300183581357.5592 2383848489.5105286 1894563258.4043674 2978038815.8375573
"1.1 < z < 1.5" 337006432927.19385 2936996612.904545 2326105781.1692257 3682327881.98143
"1.1 < z < 1.5" 378346261713.1933 3614805188.980622 2853056114.874689 4543707540.584375
"1.1 < z < 1.5" 424757155253.6894 4436213497.239575 3489919355.6338634 5585055266.992792
"1.1 < z < 1.5" 476861169771.44745 5422722722.187638 4254245521.6652517 6834897342.33155
"1.1 < z < 1.5" 535356667741.0741 6602218091.860907 5172670668.160825 8321331576.237855
"1.1 < z < 1.5" 601027678207.0388 8014629775.678258 6276751510.808949 10084611107.47073
"1.1 < z < 1.5" 674754405311.0686 9675139070.032192 7588688338.375086 12131759022.466042
"1.1 < z < 1.5" 757525025877.192 11613265140.653118 9143914754.287178 14480740849.789345
"1.1 < z < 1.5" 850448934180.2704 13859756189.101551 10969657494.524992 17148596337.92483
"1.1 < z < 1.5" 954771611420.8066 16406990738.186562 13075516967.061588 20140224165.355003
"1.1 < z < 1.5" 1071891319205.1265 19274375081.45236 15491591132.397808 23432006412.865143
"1.1 < z < 1.5" 1203377840777.5906 22433625614.160282 18199088061.032097 27019485453.18838
"1.1 < z < 1.5" 1350993521198.0305 25871803716.834377 21198633469.284054 30871022806.953575
"1.1 < z < 1.5" 1516716888470.924 29566992819.387737 24474252312.46698 34959014437.91128
"1.1 < z < 1.5" 1702769172225.8977 33501019072.700718 27982692975.6616 39251804523.55052
"1.1 < z < 1.5" 1911644075385.7036 37645336187.2981 31706105740.902584 43723736267.00867
"1.1 < z < 1.5" 2146141197858.4102 41959660542.03674 35619112435.32674 48335841479.8903
"1.1 < z < 1.5" 2409403560239.527 46459895815.94359 39705076647.329475 53054266661.41388
"1.1 < z < 1.5" 2704959730463.1313 51112879721.63753 43954611260.233635 57958857030.05112
"1.1 < z < 1.5" 3036771118035.4604 55901662346.657364 48355731024.82041 62982654574.480644
"1.1 < z < 1.5" 3409285069746.8213 60793071845.56215 52892899289.62701 68058173644.502205
"1.1 < z < 1.5" 3827494478516.315 65822027019.59721 57703437285.39427 73268744101.41159
"1.1 < z < 1.5" 4297004704320.835 71051078604.89859 62659522362.47957 78635117963.91864
"1.1 < z < 1.5" 4824108704165.374 76282523994.00038 67698937684.88002 83907177168.34413
"1.1 < z < 1.5" 5415871378079.487 81721597647.70181 72985158404.71652 89621141213.73564
"1.1 < z < 1.5" 6080224261649.427 87295100485.50894 78431802931.86763 95124481286.08379
"1.1 < z < 1.5" 6826071834272.379 92885423817.50926 83822710867.27222 101111385699.37062
"1.1 < z < 1.5" 7663410868007.463 98834193239.46037 89681221238.11066 106846234821.97307
"1.1 < z < 1.5" 8603464416684.526 104642138244.24086 95349111150.05632 113221327046.7705
"1.1 < z < 1.5" 9658832241158.709 110957411500.1153 101496209192.12729 119138701804.3984
"1.1 < z < 1.5" 10843659686896.086 117062666750.3194 107451805158.02328 126041495579.37555
"1.1 < z < 1.5" 12173827277396.621 123693882852.63487 113878098445.89836 132356827914.8828
"1.1 < z < 1.5" 13667163564620.102 130242516660.5534 119974799987.68233 139606003446.81317
"1.1 < z < 1.5" 15343684089300.133 137075818613.00389 126844630070.19176 146546646069.76855
"1.1 < z < 1.5" 17225859653987.84 144290024658.1186 133058739277.5683 153930954506.7176
"1.1 < z < 1.5" 19338917504552.32 151089927160.0723 140360653632.55374 161789861306.23935
"1.1 < z < 1.5" 21711179456945.098 159149510200.79532 147049392184.65775 169021719702.761
"1.1 < z < 1.5" 24374441501222.22 166319769031.89804 154267471702.3928 178124605702.31613
"1.1 < z < 1.5" 27364399970746.664 174699024470.3826 161740562377.85623 186186150149.45023
"1.1 < z < 1.5" 30721129988617.59 182925565993.59674 168292773710.39218 195490836182.35046
"1.1 < z < 1.5" 34489622604057.668 190722163071.95877 176932161886.71036 204926800449.42374
"1.1 < z < 1.5" 38720387818125.57 200449657250.8924 184449910686.2262 213674756889.71777
"1.1 < z < 1.5" 43470131581250.17 208843987598.69208 192147939264.01443 224957134530.7765
"1.1 < z < 1.5" 48802515836544.336 218528435074.75104 201261544208.77994 234640946820.55627
"1.1 < z < 1.5" 54789011795939.56 228633319484.12836 208989922914.0987 246113024690.4911
"1.1 < z < 1.5" 61509857885805.05 237125383588.75983 218099864538.79587 257927714452.69357
"1.1 < z < 1.5" 69055135201623.164 249042702701.95853 227836351975.65518 268109632866.39825
"1.1 < z < 1.5" 77525974886294.64 259638194393.2097 235863680336.9242 282853077569.4053
"1.1 < z < 1.5" 87035913614851.83 269155968521.79984 246613164217.21857 294995390721.0182
"1.1 < z < 1.5" 97712415353465.02 283129203482.9542 257229807443.4757 309200320930.48883
"1.1 < z < 1.5" 109698579789238.62 294356665117.7244 265696771993.1457 324656908326.2923
"1.1 < z < 1.5" 123155060329282.61 306718804955.6922 278475657638.9614 336904814889.5942
"1.1 < z < 1.5" 138262217376465.92 321809567283.454 290136299119.3431 356653447551.2022
"1.1 < z < 1.5" 155222535742704.8 333436927183.12897 299066289068.63306 372076330882.49304
"1.1 < z < 1.5" 174263338600965.44 349592554655.2617 314328521212.30225 390489428005.4789
"1.1 < z < 1.5" 195639834351706.47 365565857881.9875 327055294068.1524 410278902734.53784
"1.1 < z < 1.5" 219638537241655.16 377245918737.69507 336322036310.82477 424886553884.4028
"1.1 < z < 1.5" 246581107582260.38 398710189889.7283 354803745952.7389 451649910215.78436
"1.1 < z < 1.5" 276828663039207.22 415392174873.4693 368893835378.74347 470720750806.68933
"1.1 < z < 1.5" 310786618778201.4 431275402647.01697 379005665975.2158 496567236330.36005
"1.1 < z < 1.5" 348910121340678.06 455693199837.7164 401783993127.9088 521882587978.0434
"1.1 < z < 1.5" 391710149080926.06 471802579186.7414 416851984427.958 545115493435.73645
"1.1 < z < 1.5" 439760360930273.0 496387212219.91895 431612369893.91846 578355273892.7231
"1.1 < z < 1.5" 493704785283900.4 520707836353.47656 456722098357.04126 599116111143.0593
"1.1 < z < 1.5" 554266452066311.9 535282779584.044 471873318950.4326 639794018095.5505
"1.1 < z < 1.5" 622257083673023.1 573143950474.781 495816237792.73395 666774992419.2523
"1.1 < z < 1.5" 698587974678526.4 594720287606.4397 521028661654.9431 706236670870.6632
"1.1 < z < 1.5" 784282206133768.1 628672868794.6865 534525596602.84863 742975449873.1437
"1.1 < z < 1.5" 880488358164348.2 660715185599.6222 572995715407.7146 780011707067.112
"1.1 < z < 1.5" 988495904662558.6 685313266067.2236 594272984546.8972 829238594907.6707
"1.5 < z < 2.0" 52919787359.58458 113633531.37743147 94362397.67694233 132452361.38587926
"1.5 < z < 2.0" 59411339849.6504 138035065.9125448 115187248.14000313 160463242.7290203
"1.5 < z < 2.0" 66699196630.30115 167670734.8376883 140687214.1578324 194841536.81136173
"1.5 < z < 2.0" 74881038575.9003 203724082.0040413 171676390.6556111 236756076.89156792
"1.5 < z < 2.0" 84066528856.18352 248002916.65411896 209247597.26398325 288000856.3906911
"1.5 < z < 2.0" 94378782777.7539 301911115.9732741 254939279.64083642 351354914.3615384
"1.5 < z < 2.0" 105956017927.76149 367724142.8844707 310672341.5925122 428925423.37794507
"1.5 < z < 2.0" 118953406737.03207 448697418.8304195 378271151.59638995 523933167.7997658
"1.5 < z < 2.0" 133545156292.99028 547656877.9715844 460346904.5028983 641039229.5644479
"1.5 < z < 2.0" 149926843278.6047 668493467.3684793 560659471.927317 785329093.7815347
"1.5 < z < 2.0" 168318035333.0955 816185221.2536857 682490469.4123508 962046072.938164
"1.5 < z < 2.0" 188965233969.12115 997328281.35709 830466572.1316115 1178395304.3207786
"1.5 < z < 2.0" 212145178491.06363 1217598550.0010147 1011609370.9121922 1444377628.260514
"1.5 < z < 2.0" 238168555197.61606 1485283903.978147 1232297519.2455144 1771413477.2234817
"1.5 < z < 2.0" 267384161583.9944 1812656956.3582478 1499279704.0595853 2172203063.631716
"1.5 < z < 2.0" 300183581357.5592 2211681563.2313643 1822612784.2884116 2661985401.827183
"1.5 < z < 2.0" 337006432927.19385 2695753130.692784 2215896480.72796 3260818021.488798
"1.5 < z < 2.0" 378346261713.1933 3282966464.7264323 2691318515.1840596 3992543595.067403
"1.5 < z < 2.0" 424757155253.6894 3999540457.9588833 3266167643.4514585 4876070841.564851
"1.5 < z < 2.0" 476861169771.44745 4862444094.859554 3963577382.6985025 5937773520.460418
"1.5 < z < 2.0" 535356667741.0741 5896393875.279001 4800216819.248482 7217433543.173733
"1.5 < z < 2.0" 601027678207.0388 7144934696.612283 5801980224.212172 8740158072.110718
"1.5 < z < 2.0" 674754405311.0686 8625204357.911572 7002268783.617358 10522280225.474873
"1.5 < z < 2.0" 757525025877.192 10364522915.118938 8421001828.496403 12611498326.943901
"1.5 < z < 2.0" 850448934180.2704 12407105461.645657 10110271378.525883 15004454515.458237
"1.5 < z < 2.0" 954771611420.8066 14752206216.039263 12085907120.50754 17753772956.082184
"1.5 < z < 2.0" 1071891319205.1265 17454998311.7128 14378084722.846825 20842970200.728268
"1.5 < z < 2.0" 1203377840777.5906 20484947126.0193 17005539153.502861 24316001207.56602
"1.5 < z < 2.0" 1350993521198.0305 23849369252.054134 19998923111.33994 28145009841.240665
"1.5 < z < 2.0" 1516716888470.924 27561398447.049156 23330175369.430813 32306614702.16104
"1.5 < z < 2.0" 1702769172225.8977 31585806774.976444 27010817397.646877 36785243441.422585
