SHMR.ecsv
# %ECSV 1.0
# ---
# datatype:
# - {name: Redshift, datatype: string}
# - {name: M_halo, unit: solMass, datatype: float64}
# - {name: M_star_50, unit: solMass, datatype: float64}
# - {name: M_star_16, unit: solMass, datatype: float64}
# - {name: M_star_84, unit: solMass, datatype: float64}
# meta: !!omap
# - cosmology: {H0: 70.0, Omega_lambda: 0.7, Omega_m: 0.3}
# - {IMF: Chabrier03}
# schema: astropy-2.0
Redshift M_halo M_star_50 M_star_16 M_star_84
[from data line 536]
"3.5 < z < 4.5" 168318035333.0955 488747516.81768715 414783949.0061042 565566450.2096984
"3.5 < z < 4.5" 188965233969.12115 627547534.9958583 535626166.4894749 721725031.4451323
"3.5 < z < 4.5" 212145178491.06363 806560516.735168 692048415.3022892 923222929.8446354
"3.5 < z < 4.5" 238168555197.61606 1037221457.9816707 892973566.6966052 1185308951.1468596
"3.5 < z < 4.5" 267384161583.9944 1334880881.2081833 1149833543.0707903 1524616308.5563083
"3.5 < z < 4.5" 300183581357.5592 1717101089.868919 1477568657.555039 1963791034.4219942
"3.5 < z < 4.5" 337006432927.19385 2206260027.070881 1894506110.4758267 2528464184.1689615
"3.5 < z < 4.5" 378346261713.1933 2828545570.019644 2421936678.657995 3253636221.3025823
"3.5 < z < 4.5" 424757155253.6894 3615872841.45176 3089630772.7786465 4181682341.6341
"3.5 < z < 4.5" 476861169771.44745 4610172507.10767 3932946027.567717 5357551620.778461
"3.5 < z < 4.5" 535356667741.0741 5858143924.2923975 4990843428.830804 6831280724.856246
"3.5 < z < 4.5" 601027678207.0388 7417263606.239787 6308589833.992078 8666819210.768614
"3.5 < z < 4.5" 674754405311.0686 9347863089.44243 7940832508.5471115 10925824400.57838
"3.5 < z < 4.5" 757525025877.192 11715137631.465534 9948953503.486727 13678550859.527798
"3.5 < z < 4.5" 850448934180.2704 14605311190.832308 12398884371.612072 17007284475.465908
"3.5 < z < 4.5" 954771611420.8066 18088478253.054035 15348347838.685741 21006427461.496334
"3.5 < z < 4.5" 1071891319205.1265 22236939302.969013 18846562671.609882 25793743285.223022
"3.5 < z < 4.5" 1203377840777.5906 27120135627.75004 22989421547.80453 31450936500.77959
"3.5 < z < 4.5" 1350993521198.0305 32850298547.55243 27800162525.27099 38057563732.85611
"3.5 < z < 4.5" 1516716888470.924 39566197618.36034 33251535856.7261 45811814260.72443
"3.5 < z < 4.5" 1702769172225.8977 47173370886.04612 39543676063.15592 54811332727.25521
"3.5 < z < 4.5" 1911644075385.7036 56044951927.48828 46497806461.50459 65155751370.03897
"3.5 < z < 4.5" 2146141197858.4102 65885752776.99979 54281441767.38241 77080572691.44945
"3.5 < z < 4.5" 2409403560239.527 77049848543.48961 62876061077.105934 90706635731.41045
"3.5 < z < 4.5" 2704959730463.1313 89465776586.44879 72179911045.67331 105917041900.69777
"3.5 < z < 4.5" 3036771118035.4604 103007405761.13844 82274268713.55112 123627896662.9119
"3.5 < z < 4.5" 3409285069746.8213 117786647737.53432 93223724348.1244 143277925173.4194
"3.5 < z < 4.5" 3827494478516.315 134025405598.58932 105064431428.36766 165001564258.4422
"3.5 < z < 4.5" 4297004704320.835 151747479639.6741 117905958321.39557 188850425052.93753
"3.5 < z < 4.5" 4824108704165.374 170778158140.59958 131695868431.21777 215568319926.1252
"3.5 < z < 4.5" 5415871378079.487 191138202569.0945 146558541004.8 244602478326.2722
"3.5 < z < 4.5" 6080224261649.427 212722677378.24728 162410466251.02676 276070531870.66345
"3.5 < z < 4.5" 6826071834272.379 236539495839.4191 179144096101.9849 310164939760.5062
"3.5 < z < 4.5" 7663410868007.463 262274412220.9914 196573370744.8172 346809234411.1473
"3.5 < z < 4.5" 8603464416684.526 289796166708.3226 214352366494.44308 386102432721.5622
"3.5 < z < 4.5" 9658832241158.709 318791269636.4236 234462180364.5634 427662904141.27704
"3.5 < z < 4.5" 10843659686896.086 348789275583.2371 256386457680.64252 472965472431.39215
"4.5 < z < 5.5" 149926843278.6047 518484781.75300354 454129093.51378345 587752680.2366432
"4.5 < z < 5.5" 168318035333.0955 644451362.2366337 567459118.0126848 729731580.9084935
"4.5 < z < 5.5" 188965233969.12115 802390235.2426708 709053180.0952888 910693949.8056049
"4.5 < z < 5.5" 212145178491.06363 1001009779.7561551 886061601.7919515 1139448591.7503254
"4.5 < z < 5.5" 238168555197.61606 1251700054.2332234 1108706198.0294693 1427652445.499591
"4.5 < z < 5.5" 267384161583.9944 1569741654.5135815 1389398417.536762 1792685665.7763605
"4.5 < z < 5.5" 300183581357.5592 1973843893.4218552 1743761555.1563015 2257177240.1498013
"4.5 < z < 5.5" 337006432927.19385 2487869736.516858 2194492678.862119 2847814977.2368402
"4.5 < z < 5.5" 378346261713.1933 3145402353.6328382 2767212517.0228405 3602348408.330142
"4.5 < z < 5.5" 424757155253.6894 3986449152.070187 3493384074.4219875 4567842095.006705
"4.5 < z < 5.5" 476861169771.44745 5062777550.281721 4418551744.682964 5804261387.102847
"4.5 < z < 5.5" 535356667741.0741 6444587852.930641 5597382060.849543 7396226657.520914
"4.5 < z < 5.5" 601027678207.0388 8214324100.425284 7096197817.626759 9480329490.767185
"4.5 < z < 5.5" 674754405311.0686 10482292879.594501 9000916970.132414 12204789372.878008
"4.5 < z < 5.5" 757525025877.192 13417188865.03291 11413558694.602201 15764872859.378819
"4.5 < z < 5.5" 850448934180.2704 17213986591.208004 14467335308.066017 20410516159.40955
"4.5 < z < 5.5" 954771611420.8066 22103467319.871548 18326779968.914154 26478615960.32279
"4.5 < z < 5.5" 1071891319205.1265 28389599523.40989 23170496570.473934 34483894911.05398
"4.5 < z < 5.5" 1203377840777.5906 36449031440.98332 29208955261.09661 44850888265.17281
"4.5 < z < 5.5" 1350993521198.0305 46743325241.7599 36777414891.86279 58161385341.186264
"4.5 < z < 5.5" 1516716888470.924 59876132073.2578 46089096923.93744 75430081816.27411
"4.5 < z < 5.5" 1702769172225.8977 76523555857.82947 57382426266.78283 97921947262.35555
"4.5 < z < 5.5" 1911644075385.7036 97373406873.30727 70787046139.26839 127153819192.65326
"4.5 < z < 5.5" 2146141197858.4102 123409999117.74301 86316706905.88358 165485734785.99835
"4.5 < z < 5.5" 2409403560239.527 156054226458.08923 104324008873.47807 217478209554.98447
"4.5 < z < 5.5" 2704959730463.1313 197086269373.18143 124806513078.19121 289059043058.727
"4.5 < z < 5.5" 3036771118035.4604 249139050626.85632 147143349818.21606 388029542591.58594
"4.5 < z < 5.5" 3409285069746.8213 314671401869.7312 172614526408.4429 526297083075.2978
"4.5 < z < 5.5" 3827494478516.315 398293448572.56824 200834071241.7818 724838064028.2354
"4.5 < z < 5.5" 4297004704320.835 504787512089.7087 230728294197.5987 1016779688562.2993
"4.5 < z < 5.5" 4824108704165.374 643220373862.8759 262344222424.22116 1446888495919.3645
"5.5 < z < 6.5" 133545156292.99028 513145821.0791071 424994322.86617047 600344148.8051628
"5.5 < z < 6.5" 149926843278.6047 641636966.8279476 532624096.3836512 746669602.7343324
"5.5 < z < 6.5" 168318035333.0955 804655961.4932933 669995167.7302276 932121997.8877519
"5.5 < z < 6.5" 188965233969.12115 1011847723.3448691 845892198.5331254 1168411979.8147454
"5.5 < z < 6.5" 212145178491.06363 1276163955.6704502 1071030248.808638 1471204356.7318935
"5.5 < z < 6.5" 238168555197.61606 1613165457.3641543 1359939455.4770415 1860916142.3920405
"5.5 < z < 6.5" 267384161583.9944 2044940909.08979 1728813518.4304688 2366146800.0988197
"5.5 < z < 6.5" 300183581357.5592 2600091353.6736026 2198699229.012072 3022685129.894386
"5.5 < z < 6.5" 337006432927.19385 3317009205.9004326 2793616982.531844 3883127831.4624147
"5.5 < z < 6.5" 378346261713.1933 4243279062.703924 3539045524.339935 5013097734.10186
"5.5 < z < 6.5" 424757155253.6894 5441958590.389473 4466816149.939602 6499221002.5059595
"5.5 < z < 6.5" 476861169771.44745 6993506023.432781 5610389375.986245 8476724631.902042
"5.5 < z < 6.5" 535356667741.0741 8989453807.767324 7002102712.622263 11155454263.795557
"5.5 < z < 6.5" 601027678207.0388 11544404390.075994 8670799862.425451 14766035563.678524
"5.5 < z < 6.5" 674754405311.0686 14828873706.082664 10631968082.440788 19784740651.226845
"5.5 < z < 6.5" 757525025877.192 19119953080.471916 12919675707.04434 26659117245.449505
"5.5 < z < 6.5" 850448934180.2704 24662809825.282757 15551350347.74228 36157954123.40674
"5.5 < z < 6.5" 954771611420.8066 31829812676.933464 18547784597.39498 49058950910.58477
"5.5 < z < 6.5" 1071891319205.1265 40991863872.28894 22080057637.842754 66478088139.60106
"5.5 < z < 6.5" 1203377840777.5906 52757642411.91214 26054783823.838093 90099747556.31552
"5.5 < z < 6.5" 1350993521198.0305 67843506769.02658 30670723077.523003 121551476211.65222
"5.5 < z < 6.5" 1516716888470.924 86528229282.00566 35831987588.99874 163565873826.93307
"5.5 < z < 6.5" 1702769172225.8977 109848754000.2754 41527178606.61123 219468665856.84033
"5.5 < z < 6.5" 1911644075385.7036 139329286725.24368 48234878926.60549 294356731201.1185
"6.5 < z < 7.5" 118953406737.03207 802107498.5968426 656641306.2319508 951386601.842303
"6.5 < z < 7.5" 133545156292.99028 1031711595.7375908 846948911.8733103 1223881589.7457778
"6.5 < z < 7.5" 149926843278.6047 1332991085.7728894 1094531096.5351593 1580742609.405475
"6.5 < z < 7.5" 168318035333.0955 1726703801.3090668 1414833203.782996 2047684625.922709
"6.5 < z < 7.5" 188965233969.12115 2240547977.6752872 1827421081.4728615 2664034727.0036573
"6.5 < z < 7.5" 212145178491.06363 2906165301.47754 2358054784.846519 3486135267.911746
"6.5 < z < 7.5" 238168555197.61606 3782661457.88749 3029568978.0817423 4571526648.196791
"6.5 < z < 7.5" 267384161583.9944 4918844512.2782545 3865102534.2770853 6022019001.340131
"6.5 < z < 7.5" 300183581357.5592 6377988294.811271 4894782860.4383545 7987012896.637928
"6.5 < z < 7.5" 337006432927.19385 8238001576.89397 6130096076.482385 10650047070.185957
"6.5 < z < 7.5" 378346261713.1933 10652028968.499687 7565712390.900766 14387557424.861982
"6.5 < z < 7.5" 424757155253.6894 13755003190.841381 9212094429.167307 19634303904.402622
"6.5 < z < 7.5" 476861169771.44745 17702943527.542908 11070763180.130896 26953917684.142323
"6.5 < z < 7.5" 535356667741.0741 22724105219.871502 13045211323.2247 37249740815.37207
"6.5 < z < 7.5" 601027678207.0388 29114338471.068687 15197673896.448654 51666589823.79257
"6.5 < z < 7.5" 674754405311.0686 37367161743.01952 17507750996.226135 71513056974.80977
"6.5 < z < 7.5" 757525025877.192 48074449717.761894 19991929817.759346 98338774426.53564
"6.5 < z < 7.5" 850448934180.2704 61616273770.03112 22697860188.810005 134192888255.24445
"6.5 < z < 7.5" 954771611420.8066 78579650792.40637 25739166055.59275 183469752155.55154
"6.5 < z < 7.5" 1071891319205.1265 99723439914.20724 29227684321.477745 251041953094.06613
"6.5 < z < 7.5" 1203377840777.5906 126391731997.92964 33097512323.075924 342242809076.2631
"6.5 < z < 7.5" 1350993521198.0305 158237577777.81943 37447159506.69096 473646606214.6787
"6.5 < z < 7.5" 1516716888470.924 196433843169.6645 42257812244.7541 662526390949.5886
"6.5 < z < 7.5" 1702769172225.8977 240951755890.32507 47786415370.60093 928716222092.0488
"6.5 < z < 7.5" 1911644075385.7036 297647779362.99506 54187852129.95278 1326116377284.397
"6.5 < z < 7.5" 2146141197858.4102 370994394965.74304 61615819022.49846 1958511204607.4539
"6.5 < z < 7.5" 2409403560239.527 461002281534.56384 70367872563.36003 2961316353875.6
"6.5 < z < 7.5" 2704959730463.1313 570019561912.4442 80843291010.68983 4592828511668.335
"7.5 < z < 8.5" 74881038575.9003 819949686.1340145 660926142.4006282 999855657.5343429
"7.5 < z < 8.5" 84066528856.18352 1044976254.1612791 839306222.5801967 1271878174.1737998
"7.5 < z < 8.5" 94378782777.7539 1325517003.9266136 1059356354.8113961 1611810970.4760666
"7.5 < z < 8.5" 105956017927.76149 1670736716.0100598 1327709063.2456222 2034087343.0761833
"7.5 < z < 8.5" 118953406737.03207 2087934767.7168863 1650300971.4336631 2550185819.2974668
"7.5 < z < 8.5" 133545156292.99028 2587960594.778417 2036147344.0526133 3169919930.6251087
"7.5 < z < 8.5" 149926843278.6047 3175914853.2451034 2488651692.3725185 3904986554.4322596
"7.5 < z < 8.5" 168318035333.0955 3842967697.4753118 2997654768.610529 4765524096.318321
"7.5 < z < 8.5" 188965233969.12115 4590859347.867555 3568439969.8849497 5787997166.576568
"7.5 < z < 8.5" 212145178491.06363 5443602875.455238 4178761226.67332 7015445488.280524
"7.5 < z < 8.5" 238168555197.61606 6384211741.618759 4848138918.309004 8486628675.909293
"7.5 < z < 8.5" 267384161583.9944 7412604803.589058 5540241515.544054 10306391747.799267
"7.5 < z < 8.5" 300183581357.5592 8593714821.881334 6255025289.53247 12600380321.36958
"7.5 < z < 8.5" 337006432927.19385 9880629037.498121 6986602814.028695 15488938396.465792
"7.5 < z < 8.5" 378346261713.1933 11285631350.590612 7730826279.4063635 19148811612.453087
"7.5 < z < 8.5" 424757155253.6894 12849675221.186768 8481236723.340643 23850994333.996944
"7.5 < z < 8.5" 476861169771.44745 14622023921.015835 9271119291.260838 29985203891.306976
"7.5 < z < 8.5" 535356667741.0741 16612324539.540628 10181337230.236216 37936978009.20673
"7.5 < z < 8.5" 601027678207.0388 19007718946.69511 11147407636.959957 48583703908.29993
"7.5 < z < 8.5" 674754405311.0686 21832075080.931534 12154184752.785126 62675874744.43257
"7.5 < z < 8.5" 757525025877.192 25093443552.46451 13175748738.078762 81018725947.33575
"7.5 < z < 8.5" 850448934180.2704 28824699968.31029 14508166966.462957 104635568676.33937
"7.5 < z < 8.5" 954771611420.8066 33165776901.95046 15958867300.748575 136647951307.81279
"7.5 < z < 8.5" 1071891319205.1265 38676700315.11986 17524566390.67125 180543377716.75775
"7.5 < z < 8.5" 1203377840777.5906 45229342678.67693 19197365244.641388 239592668267.74948
"7.5 < z < 8.5" 1350993521198.0305 52816140616.25922 21026894908.305527 325136325478.2292
"7.5 < z < 8.5" 1516716888470.924 62765953829.95037 23253799792.55642 440886296000.2064
"7.5 < z < 8.5" 1702769172225.8977 74316751452.66348 25797063714.938904 599028587299.8483
"7.5 < z < 8.5" 1911644075385.7036 89449423548.61642 28681610751.539238 837461749098.082
"7.5 < z < 8.5" 2146141197858.4102 107547521596.48804 31995413499.406113 1170215341010.98
"7.5 < z < 8.5" 2409403560239.527 131129731066.3186 35790722778.494675 1619014810699.6704
"7.5 < z < 8.5" 2704959730463.1313 160708305461.402 40126536668.80458 2278448810409.0938
"7.5 < z < 8.5" 3036771118035.4604 198435601499.81598 45238582004.79366 3357780075435.6523
"8.5 < z < 10.0" 59411339849.6504 838412888.3020834 649426149.5435299 1021561552.7686691
"8.5 < z < 10.0" 66699196630.30115 1155347342.9914384 894242015.2082781 1416344953.5199714
"8.5 < z < 10.0" 74881038575.9003 1603435249.5356116 1233134365.7848878 1981350917.1469388
"8.5 < z < 10.0" 84066528856.18352 2234999346.997451 1701776866.7023797 2789714109.5516157
"8.5 < z < 10.0" 94378782777.7539 3130813451.629644 2341677705.6107287 3956802275.844835
"8.5 < z < 10.0" 105956017927.76149 4401266451.789381 3215015799.7140093 5649991652.463399
"8.5 < z < 10.0" 118953406737.03207 6211118657.50814 4387503468.969547 8104255692.794655
"8.5 < z < 10.0" 133545156292.99028 8762776175.696718 5913840790.551123 11683659806.326115
"8.5 < z < 10.0" 149926843278.6047 12325585755.14174 7895739857.679752 16945644632.461937
"8.5 < z < 10.0" 168318035333.0955 17206287282.24278 10366566697.542145 24662285138.406483
"8.5 < z < 10.0" 188965233969.12115 23836164793.282043 13371191819.70952 36083283409.341484
"8.5 < z < 10.0" 212145178491.06363 32792528617.314552 16902647022.412355 52720440178.42136
"10.0 < z < 12.0" 52919787359.58458 1053836388.8377248 240852125.87194797 1758080055.7109475
"10.0 < z < 12.0" 59411339849.6504 1512654589.4742186 347651063.9252901 2582178059.706802
"10.0 < z < 12.0" 66699196630.30115 2168591730.392598 498699052.6215967 3829012612.758901
"10.0 < z < 12.0" 74881038575.9003 3095919090.692715 702062684.2651885 5708456093.0655775
"10.0 < z < 12.0" 84066528856.18352 4401224141.106248 958751416.1787549 8578649960.9774685
"10.0 < z < 12.0" 94378782777.7539 6220070725.5464115 1273093972.1215563 12941586965.345547
"10.0 < z < 12.0" 105956017927.76149 8708729722.928562 1660217257.9004526 19477017889.872253
"10.0 < z < 12.0" 118953406737.03207 12023743964.896471 2145042843.3334894 29112138280.07193
"10.0 < z < 12.0" 133545156292.99028 16269222394.995604 2731619614.5637507 43159383962.553955
"10.0 < z < 12.0" 149926843278.6047 21681382865.035934 3387119868.45236 63718109679.3402
