SHMR.ecsv
# %ECSV 1.0
# ---
# datatype:
# - {name: Redshift, datatype: string}
# - {name: M_halo, unit: solMass, datatype: float64}
# - {name: M_star_50, unit: solMass, datatype: float64}
# - {name: M_star_16, unit: solMass, datatype: float64}
# - {name: M_star_84, unit: solMass, datatype: float64}
# meta: !!omap
# - cosmology: {H0: 70.0, Omega_lambda: 0.7, Omega_m: 0.3}
# - {IMF: Chabrier03}
# schema: astropy-2.0
Redshift M_halo M_star_50 M_star_16 M_star_84
[from data line 358]
"1.5 < z < 2.0" 2146141197858.4102 41019348274.7644 35758141815.2996 47058863395.97596
"1.5 < z < 2.0" 2409403560239.527 46000374376.059944 40319309374.326675 52353650608.56219
"1.5 < z < 2.0" 2704959730463.1313 51259848567.81034 45162657117.44841 57875586076.72422
"1.5 < z < 2.0" 3036771118035.4604 56776136339.587456 50288228535.05088 63627429761.13597
"1.5 < z < 2.0" 3409285069746.8213 62533265354.45156 55665981443.991356 69578109803.08405
"1.5 < z < 2.0" 3827494478516.315 68498140311.02388 61270739536.728905 75670234994.13245
"1.5 < z < 2.0" 4297004704320.835 74637332077.11781 67078094684.69872 82121942079.16301
"1.5 < z < 2.0" 4824108704165.374 81188257136.81195 73231575811.57785 88822324110.78525
"1.5 < z < 2.0" 5415871378079.487 87885925761.15315 79649126431.1173 95550371961.39795
"1.5 < z < 2.0" 6080224261649.427 94589612293.76715 86196504848.89984 102774915228.89449
"1.5 < z < 2.0" 6826071834272.379 101903463219.09122 92984902891.6821 110225530384.94154
"1.5 < z < 2.0" 7663410868007.463 109226291737.04893 100138865351.60388 117734746185.11105
"1.5 < z < 2.0" 8603464416684.526 116758549738.21371 107146715155.9268 126067153360.53477
"1.5 < z < 2.0" 9658832241158.709 124816593373.72374 114690894076.61324 134044427921.82425
"1.5 < z < 2.0" 10843659686896.086 132626014169.9419 122176407941.08911 143289927254.84753
"1.5 < z < 2.0" 12173827277396.621 141533966640.88147 129916757799.5267 152151059389.76852
"1.5 < z < 2.0" 13667163564620.102 149743267229.687 137818170146.72073 162094399071.979
"1.5 < z < 2.0" 15343684089300.133 159511605294.7125 145824046900.87347 171921586469.36844
"1.5 < z < 2.0" 17225859653987.84 168168240806.49405 153972623273.5438 182775704615.09036
"1.5 < z < 2.0" 19338917504552.32 178771845568.73843 162489524223.50186 193706221677.38107
"1.5 < z < 2.0" 21711179456945.098 188027372136.15155 170589294181.5052 205600205535.05502
"1.5 < z < 2.0" 24374441501222.22 199387260555.98422 180054265293.84912 217640163421.65082
"1.5 < z < 2.0" 27364399970746.664 209491034018.37625 188098728902.397 230710531278.6754
"1.5 < z < 2.0" 30721129988617.59 221366853407.84137 198517175551.98532 243752010544.6727
"1.5 < z < 2.0" 34489622604057.668 232635849933.24185 207700157984.93036 258188078909.5078
"1.5 < z < 2.0" 38720387818125.57 244614774578.2756 217602911164.52466 272012968949.5428
"1.5 < z < 2.0" 43470131581250.17 257710607311.6617 228489719040.27512 288362158667.5249
"1.5 < z < 2.0" 48802515836544.336 269131839029.85403 237305013971.58673 302835974592.935
"1.5 < z < 2.0" 54789011795939.56 284719601371.8166 250149505841.6882 321600710421.7533
"1.5 < z < 2.0" 61509857885805.05 297146791753.70184 261026446976.03778 336610879309.0466
"1.5 < z < 2.0" 69055135201623.164 313466744264.49054 271928802418.0879 358151025267.547
"2.0 < z < 2.5" 94378782777.7539 194279008.82421142 164462648.7840284 226005102.24181426
"2.0 < z < 2.5" 105956017927.76149 240007741.53917426 203983223.2108573 278911021.0872776
"2.0 < z < 2.5" 118953406737.03207 296826098.7083068 253020748.15930083 344919304.7212263
"2.0 < z < 2.5" 133545156292.99028 367568406.1485503 313902427.8035326 427452387.91390914
"2.0 < z < 2.5" 149926843278.6047 456145654.36134756 389577295.0863645 530743620.53664505
"2.0 < z < 2.5" 168318035333.0955 566843647.1453428 483766909.57171047 660046637.6133847
"2.0 < z < 2.5" 188965233969.12115 705233613.3620995 601311471.8775598 821760607.7085481
"2.0 < z < 2.5" 212145178491.06363 877930499.6477096 747578767.2584023 1024921179.3938117
"2.0 < z < 2.5" 238168555197.61606 1093273483.2194977 929385916.4984989 1279386181.532305
"2.0 < z < 2.5" 267384161583.9944 1361870909.6408308 1155943118.7754037 1597878247.9231987
"2.0 < z < 2.5" 300183581357.5592 1696529763.7847817 1437546556.64015 1995599270.9422033
"2.0 < z < 2.5" 337006432927.19385 2112829409.3170276 1787658107.8748448 2491683138.530354
"2.0 < z < 2.5" 378346261713.1933 2628554169.9007015 2220630974.9820433 3108967611.293921
"2.0 < z < 2.5" 424757155253.6894 3267870964.8297615 2755904081.2232976 3874086259.725542
"2.0 < z < 2.5" 476861169771.44745 4056213080.112409 3417902814.8210864 4816696805.3524685
"2.0 < z < 2.5" 535356667741.0741 5021131419.408671 4234140809.7030563 5967268943.085713
"2.0 < z < 2.5" 601027678207.0388 6197594476.590046 5229811994.848716 7361919225.98182
"2.0 < z < 2.5" 674754405311.0686 7621945898.9734335 6444091230.249554 9040597525.401659
"2.0 < z < 2.5" 757525025877.192 9330463461.918032 7913150253.6652975 11038364348.8323
"2.0 < z < 2.5" 850448934180.2704 11375327902.856438 9670285716.570765 13383162036.32696
"2.0 < z < 2.5" 954771611420.8066 13770419449.57368 11746716483.15541 16111574632.011822
"2.0 < z < 2.5" 1071891319205.1265 16540190490.05987 14206562751.457006 19238670880.62302
"2.0 < z < 2.5" 1203377840777.5906 19747732947.78718 17048970350.53257 22787560946.262165
"2.0 < z < 2.5" 1350993521198.0305 23357074601.249023 20319958467.52735 26756958263.81828
"2.0 < z < 2.5" 1516716888470.924 27416349919.76243 24023915789.007965 31188076191.12371
"2.0 < z < 2.5" 1702769172225.8977 31904710626.788467 28174021239.003242 36044696375.7171
"2.0 < z < 2.5" 1911644075385.7036 36808291480.95044 32724657396.172455 41322416938.81611
"2.0 < z < 2.5" 2146141197858.4102 42138262550.790474 37690972546.08996 47023687596.74079
"2.0 < z < 2.5" 2409403560239.527 47921087028.87693 43093825479.25067 53176731757.39655
"2.0 < z < 2.5" 2704959730463.1313 54103173440.51712 48877262491.343925 59722669145.69128
"2.0 < z < 2.5" 3036771118035.4604 60682825879.45168 55020183223.91573 66640639752.31131
"2.0 < z < 2.5" 3409285069746.8213 67632624108.57481 61513617596.333755 73994066703.34901
"2.0 < z < 2.5" 3827494478516.315 74911808426.18538 68355006802.94239 81767791090.81325
"2.0 < z < 2.5" 4297004704320.835 82683638696.08942 75517927560.26149 89965520466.87204
"2.0 < z < 2.5" 4824108704165.374 90839076072.62527 83080830976.03409 98550801862.4638
"2.0 < z < 2.5" 5415871378079.487 99334007754.3608 91061047427.54538 107440122018.71002
"2.0 < z < 2.5" 6080224261649.427 108073049711.6708 99312403867.49889 116934866425.8731
"2.0 < z < 2.5" 6826071834272.379 117278584707.19121 107704635938.39267 127049198935.67609
"2.0 < z < 2.5" 7663410868007.463 127182560067.38394 116609368651.9423 137349755055.94783
"2.0 < z < 2.5" 8603464416684.526 137185563527.39427 126010141495.52797 148064292177.76224
"2.0 < z < 2.5" 9658832241158.709 147628407815.64926 135267824713.94237 159829290894.83047
"2.0 < z < 2.5" 10843659686896.086 158950064168.34482 145374412632.43265 171455388828.14255
"2.0 < z < 2.5" 12173827277396.621 169854028413.25064 155667026807.2371 184146716979.81522
"2.0 < z < 2.5" 13667163564620.102 182285761621.13217 165966547452.8408 197508821335.13583
"2.0 < z < 2.5" 15343684089300.133 194577017296.42786 177514690724.12006 210600774509.43277
"2.0 < z < 2.5" 17225859653987.84 207434071553.8684 188151475298.9953 225957361504.37177
"2.0 < z < 2.5" 19338917504552.32 221195501830.03412 201040611531.63434 240076107067.82126
"2.0 < z < 2.5" 21711179456945.098 234596785777.0827 212056907827.93756 256912469045.61154
"2.0 < z < 2.5" 24374441501222.22 249973577463.74887 226272469309.0053 272757411226.36026
"2.0 < z < 2.5" 27364399970746.664 264224264657.90207 237832961014.8907 290829290524.29016
"2.0 < z < 2.5" 30721129988617.59 281340602114.44055 253400703807.35342 308829269801.8524
"2.0 < z < 2.5" 34489622604057.668 296694651916.9707 265916219489.25098 328269192048.1195
"2.0 < z < 2.5" 38720387818125.57 315534082810.1852 282618525625.469 348467052865.7569
"2.0 < z < 2.5" 43470131581250.17 332321675694.6389 296470740169.838 369418215573.31213
"2.0 < z < 2.5" 48802515836544.336 352751758578.60986 313986289977.96844 391739209080.63873
"2.0 < z < 2.5" 54789011795939.56 371525298787.5862 330066400657.88684 414773475147.93854
"2.0 < z < 2.5" 61509857885805.05 393223902831.48425 347758768776.79083 439248052184.03125
"2.0 < z < 2.5" 69055135201623.164 414722453756.6855 366852112671.8285 465023083570.3808
"2.0 < z < 2.5" 77525974886294.64 437111929013.50964 383332786306.3548 491438304507.39514
"2.0 < z < 2.5" 87035913614851.83 462635873861.8277 406993184201.3353 520517466539.09827
"2.0 < z < 2.5" 97712415353465.02 485141434801.60596 423111508131.8235 548063917748.26465
"2.0 < z < 2.5" 109698579789238.62 516001150873.50037 450678100236.7923 582244514698.3153
"2.5 < z < 3.0" 133545156292.99028 248161655.39925727 205162279.83592537 289131162.77511245
"2.5 < z < 3.0" 149926843278.6047 309456341.72811353 257163106.4250171 359523468.39898074
"2.5 < z < 3.0" 168318035333.0955 386708234.26391387 322512978.5875442 448476553.1460733
"2.5 < z < 3.0" 188965233969.12115 483911673.01521116 404435721.1336299 561663284.5786278
"2.5 < z < 3.0" 212145178491.06363 606654402.139427 507027106.07079196 705852032.5879029
"2.5 < z < 3.0" 238168555197.61606 761991398.9963909 635993300.9994918 889690454.755783
"2.5 < z < 3.0" 267384161583.9944 958685157.4637711 798374054.7647717 1124446605.9239266
"2.5 < z < 3.0" 300183581357.5592 1208113342.7213373 1003012861.1819506 1423798199.21235
"2.5 < z < 3.0" 337006432927.19385 1523678965.087874 1260636443.5404427 1805154770.3402004
"2.5 < z < 3.0" 378346261713.1933 1921853456.429268 1583802803.2765737 2288808759.7333436
"2.5 < z < 3.0" 424757155253.6894 2423520626.544768 1988789448.4715545 2900515051.4964595
"2.5 < z < 3.0" 476861169771.44745 3054527550.6714373 2495574154.0523477 3670711633.639897
"2.5 < z < 3.0" 535356667741.0741 3845479089.7933993 3129381602.3717017 4635517873.361784
"2.5 < z < 3.0" 601027678207.0388 4833917784.782573 3922275799.486692 5832484736.302141
"2.5 < z < 3.0" 674754405311.0686 6060025880.021307 4904778959.115396 7303282489.5056925
"2.5 < z < 3.0" 757525025877.192 7563774259.648875 6108519284.481055 9088159853.008986
"2.5 < z < 3.0" 850448934180.2704 9385069258.006987 7580106695.24207 11230344159.045952
"2.5 < z < 3.0" 954771611420.8066 11572321335.90709 9365197398.670273 13763334210.881014
"2.5 < z < 3.0" 1071891319205.1265 14164210868.49598 11518361249.64863 16722501331.296644
"2.5 < z < 3.0" 1203377840777.5906 17182944590.478683 14073667255.761293 20184614608.93461
"2.5 < z < 3.0" 1350993521198.0305 20662793657.980793 17042072609.430511 24137222696.8849
"2.5 < z < 3.0" 1516716888470.924 24654252226.522606 20457061926.092045 28615910720.51369
"2.5 < z < 3.0" 1702769172225.8977 29110303490.11918 24338008589.777004 33604046176.504578
"2.5 < z < 3.0" 1911644075385.7036 34067878957.419876 28691874004.171192 39175345404.80825
"2.5 < z < 3.0" 2146141197858.4102 39533487747.43722 33470632875.610386 45252105345.89822
"2.5 < z < 3.0" 2409403560239.527 45451784261.10606 38718097016.484604 51844727751.780045
"2.5 < z < 3.0" 2704959730463.1313 51829033386.59291 44356837216.6981 58997507986.42922
"2.5 < z < 3.0" 3036771118035.4604 58680550108.90675 50354980986.15198 66727747209.053444
"2.5 < z < 3.0" 3409285069746.8213 65997935856.6736 56707860280.45596 75088998004.40808
"2.5 < z < 3.0" 3827494478516.315 73816843078.44354 63412064729.502426 84055202035.08324
"2.5 < z < 3.0" 4297004704320.835 82129310320.42146 70451812251.01535 93731165982.61217
"2.5 < z < 3.0" 4824108704165.374 90927867615.69215 77803705049.2451 104160848721.0237
"2.5 < z < 3.0" 5415871378079.487 100155605827.42384 85395600610.65855 115375256336.87709
"2.5 < z < 3.0" 6080224261649.427 109735213749.81512 93292203766.08638 127236210350.17712
"2.5 < z < 3.0" 6826071834272.379 119528206162.88298 101621938280.14378 139669303859.61148
"2.5 < z < 3.0" 7663410868007.463 130206215769.64929 110000393277.35269 152567711805.20285
"2.5 < z < 3.0" 8603464416684.526 141281670117.55713 118306224496.89311 166329352926.2327
"2.5 < z < 3.0" 9658832241158.709 152297526213.42572 127798740396.40399 181387473573.03232
"2.5 < z < 3.0" 10843659686896.086 164408161634.31204 136986917846.49663 196851583328.2312
"2.5 < z < 3.0" 12173827277396.621 177173450843.25497 146629036411.16074 212218102633.95084
"2.5 < z < 3.0" 13667163564620.102 189183542165.5733 156841284529.04608 230354767165.34247
"2.5 < z < 3.0" 15343684089300.133 203792118793.24118 166488476801.54602 248541296687.14874
"2.5 < z < 3.0" 17225859653987.84 217509961866.0968 177934581029.81448 266293652007.6039
"3.0 < z < 3.5" 149926843278.6047 329306533.924068 269217599.940916 388788153.9620013
"3.0 < z < 3.5" 168318035333.0955 427362560.7151613 352278426.1592871 501381127.9765707
"3.0 < z < 3.5" 188965233969.12115 554782427.2871898 460719957.05290854 647884120.526514
"3.0 < z < 3.5" 212145178491.06363 720137893.4287964 602033419.8725398 839537065.6835334
"3.0 < z < 3.5" 238168555197.61606 935179354.3184425 784188879.2893764 1089296260.952469
"3.0 < z < 3.5" 267384161583.9944 1214733697.1746593 1018975507.8287896 1413639225.5314667
"3.0 < z < 3.5" 300183581357.5592 1576555391.6443532 1321999378.7629497 1834056332.2516055
"3.0 < z < 3.5" 337006432927.19385 2041269271.361969 1712248441.956077 2379176677.6740685
"3.0 < z < 3.5" 378346261713.1933 2636463370.8415546 2208745824.0908957 3081020909.0760117
"3.0 < z < 3.5" 424757155253.6894 3397448371.816774 2839342287.3579993 3977107580.2625175
"3.0 < z < 3.5" 476861169771.44745 4359996956.781123 3638837448.620536 5112779422.877139
"3.0 < z < 3.5" 535356667741.0741 5571898964.457804 4645110566.266577 6538374850.342903
"3.0 < z < 3.5" 601027678207.0388 7087714828.097179 5906720622.853032 8314283070.2461815
"3.0 < z < 3.5" 674754405311.0686 8965366447.761528 7479516074.110808 10513776713.19171
"3.0 < z < 3.5" 757525025877.192 11274573266.018284 9422818258.61624 13199256882.952127
"3.0 < z < 3.5" 850448934180.2704 14090019772.54371 11802114880.653162 16455573648.52578
"3.0 < z < 3.5" 954771611420.8066 17487079687.983894 14695186018.57076 20360274925.544052
"3.0 < z < 3.5" 1071891319205.1265 21533686194.8699 18183285547.646877 25009572502.460785
"3.0 < z < 3.5" 1203377840777.5906 26315236861.063377 22343727878.794765 30479826364.58514
"3.0 < z < 3.5" 1350993521198.0305 31970956089.237244 27241607227.72406 36872382710.81395
"3.0 < z < 3.5" 1516716888470.924 38504131224.92819 32930714642.850513 44333688845.880165
"3.0 < z < 3.5" 1702769172225.8977 46034788843.10667 39533076081.984924 52841953545.70762
"3.0 < z < 3.5" 1911644075385.7036 54673648943.929504 46997197435.81989 62752619990.98965
"3.0 < z < 3.5" 2146141197858.4102 64481225442.68926 55557972532.42879 73873241947.85515
"3.0 < z < 3.5" 2409403560239.527 75465199477.89656 65026617051.07129 86612471805.8029
"3.0 < z < 3.5" 2704959730463.1313 87931920512.64458 75484577396.64458 100992424192.00693
"3.0 < z < 3.5" 3036771118035.4604 101700118825.22159 87207404259.1598 117005668947.18988
"3.0 < z < 3.5" 3409285069746.8213 116806867620.85806 99955233975.48329 134931771179.31853
"3.0 < z < 3.5" 3827494478516.315 133307199558.2341 113796256272.91586 155052927488.18158
"3.0 < z < 3.5" 4297004704320.835 151579897990.17072 128679107268.5414 177247391431.0917
"3.0 < z < 3.5" 4824108704165.374 171536964863.75156 144629997871.08392 201627659602.77628
"3.0 < z < 3.5" 5415871378079.487 193105298850.24896 161799446103.49658 228347826279.12927
"3.0 < z < 3.5" 6080224261649.427 216309685503.19214 180249709039.46228 257630653030.69122
"3.0 < z < 3.5" 6826071834272.379 241139154061.61664 200004850227.46814 289534341387.26495
"3.0 < z < 3.5" 7663410868007.463 267516146436.09106 221043065763.33264 323743732180.33093
"3.0 < z < 3.5" 8603464416684.526 296505757005.812 243190419531.25046 360425776550.8831
"3.0 < z < 3.5" 9658832241158.709 327592391847.56476 266379621076.4728 399743159312.7428
"3.0 < z < 3.5" 10843659686896.086 360616981279.2472 292512423530.8869 441607771891.50494
"3.0 < z < 3.5" 12173827277396.621 395338383566.8647 319964293793.8805 485858726446.2747
"3.0 < z < 3.5" 13667163564620.102 431219171619.1197 348160481310.2186 532986832872.5725
"3.0 < z < 3.5" 15343684089300.133 470440136956.58704 376841072951.42084 586052777038.9834
