SHMR.ecsv
# %ECSV 1.0
# ---
# datatype:
# - {name: Redshift, datatype: string}
# - {name: M_halo, unit: solMass, datatype: float64}
# - {name: M_star_50, unit: solMass, datatype: float64}
# - {name: M_star_16, unit: solMass, datatype: float64}
# - {name: M_star_84, unit: solMass, datatype: float64}
# meta: !!omap
# - cosmology: {H0: 70.0, Omega_lambda: 0.7, Omega_m: 0.3}
# - {IMF: Chabrier03}
# schema: astropy-2.0
Redshift M_halo M_star_50 M_star_16 M_star_84
"0.2 < z < 0.5" 18679135990.207848 32988661.083145533 27098006.838703565 39053904.48977631
"0.2 < z < 0.5" 20970464013.23239 40517470.62070307 33465071.044304892 47832002.71209046
"0.2 < z < 0.5" 23542864143.2242 49846807.004741006 41270250.915483564 58699805.44149851
"0.2 < z < 0.5" 26430814869.741028 61334731.95562405 50834745.25122297 72184433.53825627
"0.2 < z < 0.5" 29673024081.888725 75474600.27885439 62612322.872607425 89084156.78345455
"0.2 < z < 0.5" 33312947879.346836 92930916.45223612 77033045.4818423 110109997.8553846
"0.2 < z < 0.5" 37399373024.78802 114531848.30278873 94686408.4056442 136376411.65226015
"0.2 < z < 0.5" 41987070844.43906 141426817.11430404 116281778.50175749 169125091.8236841
"0.2 < z < 0.5" 47137531341.16729 174789246.68203726 142813020.78422305 210031330.72691718
"0.2 < z < 0.5" 52919787359.58458 216191921.34897417 175409413.28141797 261161344.71357134
"0.2 < z < 0.5" 59411339849.6504 267524097.6588871 215310079.97743028 325033341.25450695
"0.2 < z < 0.5" 66699196630.30115 331220969.93032926 264311700.03874332 405001417.5367994
"0.2 < z < 0.5" 74881038575.9003 410264231.0513735 324609441.825602 505003675.1584836
"0.2 < z < 0.5" 84066528856.18352 508794635.997957 399307663.6653529 630074895.3512939
"0.2 < z < 0.5" 94378782777.7539 631125365.9849921 491426724.8681457 786286921.7625622
"0.2 < z < 0.5" 105956017927.76149 782898656.1196458 604953826.1938231 981257144.1619562
"0.2 < z < 0.5" 118953406737.03207 971147593.9217205 744623389.2251153 1224096904.34655
"0.2 < z < 0.5" 133545156292.99028 1204545361.901941 916909694.7319415 1525119380.4322278
"0.2 < z < 0.5" 149926843278.6047 1492483826.5983438 1130392377.8511117 1896812275.9791644
"0.2 < z < 0.5" 168318035333.0955 1845864224.5862527 1392955568.3337615 2354933640.759873
"0.2 < z < 0.5" 188965233969.12115 2279698398.3679285 1714953406.8285685 2918004015.158868
"0.2 < z < 0.5" 212145178491.06363 2807402971.820749 2107172152.6530762 3606497388.975617
"0.2 < z < 0.5" 238168555197.61606 3444998146.1761174 2582135481.3882256 4438469464.617218
"0.2 < z < 0.5" 267384161583.9944 4210724947.074446 3154020690.9793677 5431257840.44736
"0.2 < z < 0.5" 300183581357.5592 5125652217.422785 3835622252.379047 6600434254.146944
"0.2 < z < 0.5" 337006432927.19385 6204603791.538033 4640373176.132122 7973795234.836389
"0.2 < z < 0.5" 378346261713.1933 7459059898.433406 5592529789.016583 9554030386.817675
"0.2 < z < 0.5" 424757155253.6894 8915231639.611435 6697427260.675163 11357568482.674047
"0.2 < z < 0.5" 476861169771.44745 10567201576.734432 7977910376.470303 13386124782.233772
"0.2 < z < 0.5" 535356667741.0741 12438303263.621885 9433629272.164024 15649405664.947403
"0.2 < z < 0.5" 601027678207.0388 14520085267.427357 11091667529.691326 18122671631.304333
"0.2 < z < 0.5" 674754405311.0686 16815240719.17735 12942878791.509098 20797437271.68984
"0.2 < z < 0.5" 757525025877.192 19327174336.324554 15000565998.60284 23673088197.632473
"0.2 < z < 0.5" 850448934180.2704 22039298187.26512 17274956942.88849 26747034741.658928
"0.2 < z < 0.5" 954771611420.8066 24948359482.088486 19745594417.9108 30001483621.31483
"0.2 < z < 0.5" 1071891319205.1265 28051578486.632633 22401653656.634483 33412096168.237675
"0.2 < z < 0.5" 1203377840777.5906 31336573847.636192 25249555777.398083 36998986126.81499
"0.2 < z < 0.5" 1350993521198.0305 34784272998.860085 28280798967.170322 40753111767.746254
"0.2 < z < 0.5" 1516716888470.924 38376738397.11069 31488506191.43523 44647387069.01718
"0.2 < z < 0.5" 1702769172225.8977 42097424594.70687 34863544752.441376 48658778201.34088
"0.2 < z < 0.5" 1911644075385.7036 46003973033.04648 38385616646.51353 52765285404.97847
"0.2 < z < 0.5" 2146141197858.4102 50043863452.53175 42029690357.995125 57088228795.24409
"0.2 < z < 0.5" 2409403560239.527 54182583356.5288 45876470658.112495 61478139021.40563
"0.2 < z < 0.5" 2704959730463.1313 58463335654.8324 49846884342.29098 65939022417.61965
"0.2 < z < 0.5" 3036771118035.4604 62925764412.06536 53900746553.86339 70606802437.35367
"0.2 < z < 0.5" 3409285069746.8213 67405133666.53626 58098610108.5165 75221619177.70528
"0.2 < z < 0.5" 3827494478516.315 72113302567.91118 62424757344.07676 80186120431.10658
"0.2 < z < 0.5" 4297004704320.835 76861923190.35072 66731388077.83635 85077505236.68219
"0.2 < z < 0.5" 4824108704165.374 81750913642.16045 71359146816.92671 90302389573.706
"0.2 < z < 0.5" 5415871378079.487 86758181573.07019 75922516983.61102 95445969692.96129
"0.2 < z < 0.5" 6080224261649.427 91854508558.56573 80709726114.84418 101008591178.39351
"0.2 < z < 0.5" 6826071834272.379 97078369217.64374 85454244987.73192 106367403635.71396
"0.2 < z < 0.5" 7663410868007.463 102434657358.70862 90426633102.2097 112354991636.55376
"0.2 < z < 0.5" 8603464416684.526 107798300809.51967 95284860528.22403 118036467289.41968
"0.2 < z < 0.5" 9658832241158.709 113494828735.70271 100536219832.98244 124368891081.20644
"0.2 < z < 0.5" 10843659686896.086 118876365676.31049 105507344348.63264 130549899123.45161
"0.2 < z < 0.5" 12173827277396.621 125020691330.12997 111019397966.00752 137055148473.98943
"0.2 < z < 0.5" 13667163564620.102 130826054063.75386 116300747096.05902 143876656001.62192
"0.2 < z < 0.5" 15343684089300.133 136949785716.15659 121788837828.93289 150381838454.25784
"0.2 < z < 0.5" 17225859653987.84 143338688672.80426 127519930742.74727 157997677053.58917
"0.2 < z < 0.5" 19338917504552.32 149312053322.19788 132880238925.69867 165143890369.82083
"0.2 < z < 0.5" 21711179456945.098 156312239354.73016 139031428013.63116 172851324656.48386
"0.2 < z < 0.5" 24374441501222.22 163012760434.9399 144936335798.50806 180943502447.1632
"0.2 < z < 0.5" 27364399970746.664 169531621092.66663 150566202818.0775 188478813030.51645
"0.2 < z < 0.5" 30721129988617.59 177212783996.7989 157241738381.23267 197604813146.19565
"0.2 < z < 0.5" 34489622604057.668 184331771996.10165 163423271035.24615 206239974527.52963
"0.2 < z < 0.5" 38720387818125.57 191574295542.36667 169381186290.69348 214931559713.3138
"0.2 < z < 0.5" 43470131581250.17 199778255220.20505 176398674051.6388 224851731922.73355
"0.2 < z < 0.5" 48802515836544.336 207317470071.73016 182839443203.2637 233995496455.2633
"0.2 < z < 0.5" 54789011795939.56 215075495489.1643 188710007346.33603 243951788902.71045
"0.2 < z < 0.5" 61509857885805.05 224052966794.41614 196386695255.92337 254529531952.2526
"0.2 < z < 0.5" 69055135201623.164 232227733830.71274 203480628253.76236 264175515825.24405
"0.2 < z < 0.5" 77525974886294.64 240367886132.56976 209886806420.89713 275484996702.31366
"0.2 < z < 0.5" 87035913614851.83 250539105764.42157 217672627888.23108 287113080120.13873
"0.2 < z < 0.5" 97712415353465.02 259707613711.99036 225870355610.13797 297593837855.50226
"0.2 < z < 0.5" 109698579789238.62 268202966093.57263 233198461821.38565 310524055170.4433
"0.2 < z < 0.5" 123155060329282.61 279902656967.2777 240740910617.88232 323336729087.5967
"0.2 < z < 0.5" 138262217376465.92 290317530830.9663 250478745050.72012 334718443075.8837
"0.2 < z < 0.5" 155222535742704.8 299486523131.9798 259076452923.12924 349509819098.83777
"0.2 < z < 0.5" 174263338600965.44 312752233866.08606 266582227159.94748 363812500244.5865
"0.5 < z < 0.8" 20970464013.23239 47218555.000674635 39166987.3164866 55186181.36158316
"0.5 < z < 0.8" 23542864143.2242 56453384.25175292 47202321.18816202 65847333.54310396
"0.5 < z < 0.8" 26430814869.741028 67642785.8730591 56807063.52467622 78833415.04912354
"0.5 < z < 0.8" 29673024081.888725 81054602.7444246 68384098.03854159 94655277.67296967
"0.5 < z < 0.8" 33312947879.346836 97513305.65340108 82163375.71440893 113929148.61526728
"0.5 < z < 0.8" 37399373024.78802 117351317.61670035 98756165.65189037 137745526.68806598
"0.5 < z < 0.8" 41987070844.43906 141531939.60864177 118655222.57212342 166835569.81908026
"0.5 < z < 0.8" 47137531341.16729 171081483.02594018 142656190.60671023 202562924.13172016
"0.5 < z < 0.8" 52919787359.58458 206966720.63184404 171847154.79082596 246840614.7101626
"0.5 < z < 0.8" 59411339849.6504 251124900.95800653 206946485.34912664 301337250.2359817
"0.5 < z < 0.8" 66699196630.30115 305229480.9506493 249887205.56734708 368374563.8315859
"0.5 < z < 0.8" 74881038575.9003 371366167.72107923 302227886.3926512 451540870.41630614
"0.5 < z < 0.8" 84066528856.18352 452893657.92366683 366051169.0034163 554561446.322173
"0.5 < z < 0.8" 94378782777.7539 553549435.4239223 444999812.77786237 681816550.6019601
"0.5 < z < 0.8" 105956017927.76149 677722400.5831563 541759118.7728741 838771453.2006358
"0.5 < z < 0.8" 118953406737.03207 831053357.5483088 660630653.8623512 1032243998.253025
"0.5 < z < 0.8" 133545156292.99028 1020813052.1487625 807976850.9543409 1272152130.3452394
"0.5 < z < 0.8" 149926843278.6047 1255170292.1542218 990930449.8923604 1568213551.8087473
"0.5 < z < 0.8" 168318035333.0955 1543394326.0294237 1216616333.7481208 1933256550.575127
"0.5 < z < 0.8" 188965233969.12115 1896539459.6795523 1493997449.4701989 2381381646.4803944
"0.5 < z < 0.8" 212145178491.06363 2327049496.643496 1832740450.3152416 2928210797.5505843
"0.5 < z < 0.8" 238168555197.61606 2853010257.2286315 2246445296.2205257 3593064021.1235657
"0.5 < z < 0.8" 267384161583.9944 3487086013.960381 2743324013.334703 4390783988.987861
"0.5 < z < 0.8" 300183581357.5592 4243997920.3680673 3335809783.3631406 5335389357.509731
"0.5 < z < 0.8" 337006432927.19385 5141098909.082452 4043209311.574587 6441531826.94132
"0.5 < z < 0.8" 378346261713.1933 6193081754.81793 4875525680.772447 7718262905.2790785
"0.5 < z < 0.8" 424757155253.6894 7402109466.216139 5841148287.268502 9173394044.8694
"0.5 < z < 0.8" 476861169771.44745 8792142169.485529 6965126508.213389 10819982668.48423
"0.5 < z < 0.8" 535356667741.0741 10354487172.719332 8246099842.120755 12652314175.137753
"0.5 < z < 0.8" 601027678207.0388 12108624920.917515 9707285769.264622 14660545218.537407
"0.5 < z < 0.8" 674754405311.0686 14050414035.724825 11346515726.92764 16849877064.346043
"0.5 < z < 0.8" 757525025877.192 16176188026.191286 13164819042.356201 19218395339.682514
"0.5 < z < 0.8" 850448934180.2704 18480589478.449043 15177898612.449297 21757117265.10475
"0.5 < z < 0.8" 954771611420.8066 20960632454.58079 17373295410.512016 24465874607.087414
"0.5 < z < 0.8" 1071891319205.1265 23615852008.28671 19750233983.935535 27339291868.426243
"0.5 < z < 0.8" 1203377840777.5906 26428985298.139385 22305009050.647938 30363658428.547737
"0.5 < z < 0.8" 1350993521198.0305 29401628985.65717 25031216391.167336 33530670204.128277
"0.5 < z < 0.8" 1516716888470.924 32535038773.253735 27918419568.101204 36851098191.91245
"0.5 < z < 0.8" 1702769172225.8977 35814974851.239235 30959184302.00349 40328927196.51664
"0.5 < z < 0.8" 1911644075385.7036 39226694400.123314 34144057122.745678 43938173689.61353
"0.5 < z < 0.8" 2146141197858.4102 42750263542.85766 37459181631.75201 47652431015.704956
"0.5 < z < 0.8" 2409403560239.527 46417578979.46234 40947372419.25832 51557823342.47658
"0.5 < z < 0.8" 2704959730463.1313 50249782217.123665 44550621496.92042 55598783303.66109
"0.5 < z < 0.8" 3036771118035.4604 54154262698.63312 48239393068.541084 59677911558.81981
"0.5 < z < 0.8" 3409285069746.8213 58202658029.883354 52054832671.603935 64034526477.86713
"0.5 < z < 0.8" 3827494478516.315 62418042956.255844 56036037511.283195 68426135585.88645
"0.5 < z < 0.8" 4297004704320.835 66612862731.15808 60032781328.53969 72972022685.09213
"0.5 < z < 0.8" 4824108704165.374 71151678444.6366 64258394062.299995 77687881697.23169
"0.5 < z < 0.8" 5415871378079.487 75604140577.53355 68521101724.79577 82471322181.57646
"0.5 < z < 0.8" 6080224261649.427 80396484607.42355 72903632788.0989 87518050258.20915
"0.5 < z < 0.8" 6826071834272.379 85112213712.40488 77414775887.87158 92574705784.29929
"0.5 < z < 0.8" 7663410868007.463 90194911331.21185 81995795261.20293 97925163016.49196
"0.5 < z < 0.8" 8603464416684.526 95131275352.71523 86727662877.86111 103315085904.76552
"0.5 < z < 0.8" 9658832241158.709 100575857866.11037 91546372275.93398 108906321945.58289
"0.5 < z < 0.8" 10843659686896.086 105707239017.4896 96424588662.79742 114699794566.22449
"0.5 < z < 0.8" 12173827277396.621 111566148912.00096 101549656006.38585 120421110929.99161
"0.5 < z < 0.8" 13667163564620.102 117118661182.65338 106441972602.41249 126758668869.26433
"0.5 < z < 0.8" 15343684089300.133 123151190699.09369 111998137352.89127 132680165377.93906
"0.5 < z < 0.8" 17225859653987.84 129221841419.0578 117178343421.99466 139514919669.75342
"0.5 < z < 0.8" 19338917504552.32 135234881596.73398 122834000857.56552 146109539967.84845
"0.5 < z < 0.8" 21711179456945.098 141972659355.05835 128546431992.64806 152938316921.50177
"0.5 < z < 0.8" 24374441501222.22 148201987833.2032 133900801205.5354 160391864315.52222
"0.5 < z < 0.8" 27364399970746.664 155266370042.59653 140360089565.98837 167259434317.42334
"0.5 < z < 0.8" 30721129988617.59 162300207234.69153 146293619465.5849 175462877478.30106
"0.5 < z < 0.8" 34489622604057.668 168884472092.93744 152409667130.49216 183349272364.68488
"0.5 < z < 0.8" 38720387818125.57 177012469798.38647 159313303931.2214 191161804848.22537
"0.5 < z < 0.8" 43470131581250.17 184411535234.70737 165581944348.6727 200335855082.28516
"0.5 < z < 0.8" 48802515836544.336 192059101869.92136 172573940423.25748 208656995151.4759
"0.5 < z < 0.8" 54789011795939.56 200849793570.3572 180026566144.18677 218008995305.4937
"0.5 < z < 0.8" 61509857885805.05 208744952989.51465 186704582939.99942 227907001531.4053
"0.5 < z < 0.8" 69055135201623.164 217708213941.4351 194659829438.71274 236754489308.5478
"0.5 < z < 0.8" 77525974886294.64 227321385356.47873 202853645011.87 248005444153.38748
"0.5 < z < 0.8" 87035913614851.83 235819600246.8581 210083901848.4436 258665476718.02673
"0.5 < z < 0.8" 97712415353465.02 246385136977.5605 219111968412.81042 268421985413.87067
"0.5 < z < 0.8" 109698579789238.62 256919115209.63153 228168106571.57724 281672525240.749
"0.5 < z < 0.8" 123155060329282.61 266052035603.31662 236009928198.0614 293227390458.2376
"0.5 < z < 0.8" 138262217376465.92 278610292591.931 246213725375.9808 305283157100.66925
"0.5 < z < 0.8" 155222535742704.8 290234812126.2123 256386487145.2609 319902560306.0863
"0.5 < z < 0.8" 174263338600965.44 300075326320.5723 264994997164.95084 332344717847.3563
"0.5 < z < 0.8" 195639834351706.47 315295759416.5796 276772835864.06335 347611831127.8894
"0.5 < z < 0.8" 219638537241655.16 328121551743.69006 288539477265.6803 363699691258.9679
"0.5 < z < 0.8" 246581107582260.38 340295510695.27203 298222185565.7094 376981119749.36975
"0.5 < z < 0.8" 276828663039207.22 357456575628.50464 312488061827.1583 396800047837.13367
"0.5 < z < 0.8" 310786618778201.4 371342981960.8991 325786806448.04517 413958193542.5801
"0.5 < z < 0.8" 348910121340678.06 387023411362.98785 336336216279.4923 430763355412.6285
"0.5 < z < 0.8" 391710149080926.06 405906130692.2178 354063835403.27386 453659799417.8598
"0.5 < z < 0.8" 439760360930273.0 420521475147.9917 368504901661.42535 471445881036.04663
"0.8 < z < 1.1" 26430814869.741028 63888586.91613202 50783319.06062998 77944874.00274007
"0.8 < z < 1.1" 29673024081.888725 81940602.89287452 65405609.969489135 99598910.42092009
"0.8 < z < 1.1" 33312947879.346836 105049474.46235356 84023386.8186585 127408894.14030206
"0.8 < z < 1.1" 37399373024.78802 134469600.70089445 107675910.84523787 163151808.0838249
"0.8 < z < 1.1" 41987070844.43906 172009830.25980228 137651864.4032476 209109454.12859097
"0.8 < z < 1.1" 47137531341.16729 219858988.04283306 175556146.6662977 267859263.12052417
"0.8 < z < 1.1" 52919787359.58458 280602239.82109994 223525584.65567473 342621374.06233394
"0.8 < z < 1.1" 59411339849.6504 357530119.2892368 284420494.316721 437340230.28586465
"0.8 < z < 1.1" 66699196630.30115 454700988.34095985 361409228.6496585 556913277.0017912
"0.8 < z < 1.1" 74881038575.9003 576745772.862611 458306424.7409919 707333511.8074011
"0.8 < z < 1.1" 84066528856.18352 729579980.286352 579372851.6516236 895587956.4001392
