SHMR.ecsv
# %ECSV 1.0
# ---
# datatype:
# - {name: Redshift, datatype: string}
# - {name: M_halo, unit: solMass, datatype: float64}
# - {name: M_star_50, unit: solMass, datatype: float64}
# - {name: M_star_16, unit: solMass, datatype: float64}
# - {name: M_star_84, unit: solMass, datatype: float64}
# meta: !!omap
# - cosmology: {H0: 70.0, Omega_lambda: 0.7, Omega_m: 0.3}
# - {IMF: Chabrier03}
# schema: astropy-2.0
Redshift M_halo M_star_50 M_star_16 M_star_84
[from data line 179]
"0.8 < z < 1.1" 105956017927.76149 1161014717.3066335 918511757.9842125 1419952852.3042257
"0.8 < z < 1.1" 118953406737.03207 1452013010.9808106 1149467464.491236 1775830363.0425043
"0.8 < z < 1.1" 133545156292.99028 1807149454.474815 1431542968.8078809 2207966995.2085915
"0.8 < z < 1.1" 149926843278.6047 2237097177.0752335 1773656400.3785725 2729640299.280049
"0.8 < z < 1.1" 168318035333.0955 2753409828.094361 2185833011.476509 3352573802.4142327
"0.8 < z < 1.1" 188965233969.12115 3367633940.889602 2679119715.6846333 4090837230.1047177
"0.8 < z < 1.1" 212145178491.06363 4092366690.1375127 3265145337.2236304 4957023841.733353
"0.8 < z < 1.1" 238168555197.61606 4942911261.1457205 3960742670.8512716 5956357397.925144
"0.8 < z < 1.1" 267384161583.9944 5925953276.617631 4772982816.035849 7106687836.276365
"0.8 < z < 1.1" 300183581357.5592 7060153017.645085 5716745133.585182 8409211975.244257
"0.8 < z < 1.1" 337006432927.19385 8342925414.562291 6799981186.215896 9880928475.314499
"0.8 < z < 1.1" 378346261713.1933 9796978759.667683 8033631821.940766 11517417617.048794
"0.8 < z < 1.1" 424757155253.6894 11413512006.928526 9426655554.423155 13330350585.860888
"0.8 < z < 1.1" 476861169771.44745 13198220625.966263 10995231423.973862 15330360229.09842
"0.8 < z < 1.1" 535356667741.0741 15170413322.944084 12731784988.97769 17510811662.59035
"0.8 < z < 1.1" 601027678207.0388 17314959305.27891 14643617008.681808 19871320844.95923
"0.8 < z < 1.1" 674754405311.0686 19631251811.02337 16733930704.18962 22405352033.580894
"0.8 < z < 1.1" 757525025877.192 22119165200.194992 19010298021.377224 25108664560.11097
"0.8 < z < 1.1" 850448934180.2704 24777078937.920483 21461415440.356464 27980580310.412235
"0.8 < z < 1.1" 954771611420.8066 27597717174.511196 24076796818.1219 31019234088.89347
"0.8 < z < 1.1" 1071891319205.1265 30572737773.326336 26852936000.93975 34215909363.54018
"0.8 < z < 1.1" 1203377840777.5906 33695989857.86238 29790448152.972042 37553455326.31976
"0.8 < z < 1.1" 1350993521198.0305 36987076064.423904 32902996554.751953 41093853852.82531
"0.8 < z < 1.1" 1516716888470.924 40461060966.88425 36171628790.81209 44795503259.60086
"0.8 < z < 1.1" 1702769172225.8977 44073753970.90513 39577622534.20509 48619743113.11681
"0.8 < z < 1.1" 1911644075385.7036 47796826350.717735 43103122906.6639 52560571503.96885
"0.8 < z < 1.1" 2146141197858.4102 51711014106.49107 46755346049.02458 56751185927.99731
"0.8 < z < 1.1" 2409403560239.527 55785504033.31783 50608148469.96861 61010032888.57031
"0.8 < z < 1.1" 2704959730463.1313 59906446518.17412 54534195946.155014 65416805035.87979
"0.8 < z < 1.1" 3036771118035.4604 64308896789.80518 58566171442.96449 70038547276.75705
"0.8 < z < 1.1" 3409285069746.8213 68791029277.51024 62810934762.02159 74632691136.75562
"0.8 < z < 1.1" 3827494478516.315 73404307235.39426 67020864607.45798 79653984867.41945
"0.8 < z < 1.1" 4297004704320.835 78258431020.23137 71573643691.68364 84546981364.59521
"0.8 < z < 1.1" 4824108704165.374 83101002169.98163 76073161974.62305 89927022774.99551
"0.8 < z < 1.1" 5415871378079.487 88322589089.20885 80849807663.14275 95150665319.88513
"0.8 < z < 1.1" 6080224261649.427 93425618049.70834 85606013957.64809 100917346634.95592
"0.8 < z < 1.1" 6826071834272.379 99012799604.51187 90656580279.99509 106437344533.6022
"0.8 < z < 1.1" 7663410868007.463 104454322640.20464 95618244877.99202 112671258672.72249
"0.8 < z < 1.1" 8603464416684.526 110378524012.18715 101014005698.57588 118514761153.00345
"0.8 < z < 1.1" 9658832241158.709 116249887853.76836 106076078129.03363 125266866702.50334
"0.8 < z < 1.1" 10843659686896.086 122444124229.92213 111889093829.19681 131673673348.53003
"0.8 < z < 1.1" 12173827277396.621 128878245095.01189 117287620917.21544 138777531574.07703
"0.8 < z < 1.1" 13667163564620.102 135212414048.72704 123238255931.35313 145868350889.65494
"0.8 < z < 1.1" 15343684089300.133 142357191325.68384 129182828713.24083 153205748901.17108
"0.8 < z < 1.1" 17225859653987.84 148932121529.1278 135008827678.94186 161186437471.18945
"0.8 < z < 1.1" 19338917504552.32 156680142960.9307 141736151111.33713 168572041639.34592
"0.8 < z < 1.1" 21711179456945.098 164088643687.35248 147873964423.21692 177681651465.17285
"0.8 < z < 1.1" 24374441501222.22 171745480133.93124 154764004555.31427 185996818557.5452
"0.8 < z < 1.1" 27364399970746.664 180132518110.42548 161716853799.09204 195259073049.6812
"0.8 < z < 1.1" 30721129988617.59 187697778010.49243 167966700222.89124 204675576012.5332
"0.8 < z < 1.1" 34489622604057.668 196854047135.48972 175953974203.19806 213573912086.42783
"0.8 < z < 1.1" 38720387818125.57 205551864193.48642 183240394561.071 224558883837.25793
"0.8 < z < 1.1" 43470131581250.17 213849891258.3917 190099992061.55057 234363585723.12216
"0.8 < z < 1.1" 48802515836544.336 224244605098.58368 199062759995.53348 245497892626.31964
"0.8 < z < 1.1" 54789011795939.56 233404765511.1918 206950919081.2958 257059531753.24835
"0.8 < z < 1.1" 61509857885805.05 243368491020.70593 214916579860.22382 267176230986.0159
"0.8 < z < 1.1" 69055135201623.164 254621759629.2177 224848731885.3542 281086681085.9674
"0.8 < z < 1.1" 77525974886294.64 264335819388.81015 233422183996.94424 293267226080.0747
"0.8 < z < 1.1" 87035913614851.83 276477942854.3974 242708212725.86502 306114383951.008
"0.8 < z < 1.1" 97712415353465.02 288768682751.34094 253764568613.28424 321202630504.0998
"0.8 < z < 1.1" 109698579789238.62 299119271359.1052 263084482065.8045 333962258973.2781
"1.1 < z < 1.5" 52919787359.58458 87372527.0581748 70863142.38356724 105150971.87137699
"1.1 < z < 1.5" 59411339849.6504 109595960.55837901 89324715.65609224 131680446.91561957
"1.1 < z < 1.5" 66699196630.30115 137422219.1077831 112390390.06500073 165014268.8839892
"1.1 < z < 1.5" 74881038575.9003 172219199.25891757 141124603.3945545 206883044.97437108
"1.1 < z < 1.5" 84066528856.18352 215674959.17533803 176924177.03502974 259515016.5663362
"1.1 < z < 1.5" 94378782777.7539 269846799.2989204 221409805.80595556 325438920.2992286
"1.1 < z < 1.5" 105956017927.76149 337449282.5904748 276622445.22252417 408142530.45455015
"1.1 < z < 1.5" 118953406737.03207 421569640.54635686 344989372.16310495 511617365.2104576
"1.1 < z < 1.5" 133545156292.99028 526128667.72188085 429440972.857606 640702047.9392685
"1.1 < z < 1.5" 149926843278.6047 655687443.9902642 533630805.6097874 801494500.1219859
"1.1 < z < 1.5" 168318035333.0955 816165250.109203 662087440.9254054 1001664829.3458358
"1.1 < z < 1.5" 188965233969.12115 1014751246.2307467 820201317.4597632 1249972663.6049445
"1.1 < z < 1.5" 212145178491.06363 1259741525.7830687 1014880203.5030754 1557264461.8302407
"1.1 < z < 1.5" 238168555197.61606 1561146033.9713306 1253552019.640762 1935961047.2139893
"1.1 < z < 1.5" 267384161583.9944 1930678397.0482116 1545636338.3762987 2400811628.889318
"1.1 < z < 1.5" 300183581357.5592 2382346002.4441853 1902183787.5150275 2970512459.812583
"1.1 < z < 1.5" 337006432927.19385 2932046935.0193725 2335539688.2703695 3667711902.924082
"1.1 < z < 1.5" 378346261713.1933 3603171669.8099647 2864680268.1194525 4518370581.793804
"1.1 < z < 1.5" 424757155253.6894 4416265152.85797 3504831925.251254 5547126187.953608
"1.1 < z < 1.5" 476861169771.44745 5396134125.490457 4275060258.968211 6782817001.984487
"1.1 < z < 1.5" 535356667741.0741 6568592410.332181 5196959668.643786 8256097547.0366125
"1.1 < z < 1.5" 601027678207.0388 7974945718.281085 6301924957.793379 10003917788.717772
"1.1 < z < 1.5" 674754405311.0686 9631702351.032078 7613380982.037556 12032550772.091963
"1.1 < z < 1.5" 757525025877.192 11568405559.066227 9171695958.57628 14368824163.875423
"1.1 < z < 1.5" 850448934180.2704 13808140622.22061 11002824055.410769 17013982207.476515
"1.1 < z < 1.5" 954771611420.8066 16353274783.973278 13110990506.97814 19981532909.452984
"1.1 < z < 1.5" 1071891319205.1265 19218273175.858074 15525252172.136843 23260829973.41097
"1.1 < z < 1.5" 1203377840777.5906 22377833482.36306 18222948329.36695 26843340163.423126
"1.1 < z < 1.5" 1350993521198.0305 25807466876.37434 21205918238.479458 30688890103.28473
"1.1 < z < 1.5" 1516716888470.924 29491209030.262745 24473644867.614754 34770665658.86136
"1.1 < z < 1.5" 1702769172225.8977 33410190967.211002 27987015632.97569 39072050055.45382
"1.1 < z < 1.5" 1911644075385.7036 37554222662.14862 31716959945.42188 43565128036.9802
"1.1 < z < 1.5" 2146141197858.4102 41887310926.613 35632008821.76225 48200785880.186775
"1.1 < z < 1.5" 2409403560239.527 46413358504.01052 39719964901.70211 52950942540.86809
"1.1 < z < 1.5" 2704959730463.1313 51101632947.65791 43977891760.609055 57889250345.83149
"1.1 < z < 1.5" 3036771118035.4604 55925251208.90407 48393176312.05111 62916862947.023476
"1.1 < z < 1.5" 3409285069746.8213 60847193713.84676 52947481334.9501 67985616199.44713
"1.1 < z < 1.5" 3827494478516.315 65888895717.45077 57765709509.79663 73207415028.08554
"1.1 < z < 1.5" 4297004704320.835 71144099542.51483 62718372898.29637 78572190750.55432
"1.1 < z < 1.5" 4824108704165.374 76416884790.90369 67740049141.523186 83846763653.30688
"1.1 < z < 1.5" 5415871378079.487 81901962088.09764 72986750842.00566 89551074756.88908
"1.1 < z < 1.5" 6080224261649.427 87536505379.62463 78395315462.17984 95042519208.85352
"1.1 < z < 1.5" 6826071834272.379 93143085386.70203 83752198526.79277 101044642617.32336
"1.1 < z < 1.5" 7663410868007.463 99132630862.98593 89575602312.08484 106779481344.27185
"1.1 < z < 1.5" 8603464416684.526 104921360821.55215 95195793009.87537 113148695552.38605
"1.1 < z < 1.5" 9658832241158.709 111265985508.58076 101315609699.37381 119039304395.19899
"1.1 < z < 1.5" 10843659686896.086 117332688349.32153 107210889322.70555 125976929531.35593
"1.1 < z < 1.5" 12173827277396.621 123996788693.67514 113678181847.80003 132326037290.69055
"1.1 < z < 1.5" 13667163564620.102 130504850807.66585 119767415164.42848 139624238485.90854
"1.1 < z < 1.5" 15343684089300.133 137350716894.71597 126669793057.66151 146625520960.54715
"1.1 < z < 1.5" 17225859653987.84 144466161712.7362 132915376606.7791 154094867874.70532
"1.1 < z < 1.5" 19338917504552.32 151217393690.13535 140228917178.47318 161978014555.1202
"1.1 < z < 1.5" 21711179456945.098 159233222211.88162 146976606866.69824 169324673203.33826
"1.1 < z < 1.5" 24374441501222.22 166362465962.21384 154202694574.56964 178421626044.93124
"1.1 < z < 1.5" 27364399970746.664 174712934025.84186 161677145415.56342 186476991275.17374
"1.1 < z < 1.5" 30721129988617.59 182896816863.20404 168230716789.94028 195925174686.7216
"1.1 < z < 1.5" 34489622604057.668 190620825510.43323 176908769446.26785 205354191903.70468
"1.1 < z < 1.5" 38720387818125.57 200317172071.20718 184491633973.4288 214352960269.7528
"1.1 < z < 1.5" 43470131581250.17 208683635127.11154 192273061818.18137 225667075353.60922
"1.1 < z < 1.5" 48802515836544.336 218278797957.0359 201360872721.6783 235377969144.60394
"1.1 < z < 1.5" 54789011795939.56 228444672891.79724 209066278844.21106 247252779270.54648
"1.1 < z < 1.5" 61509857885805.05 236990440658.62903 218237939771.4186 258902069902.47012
"1.1 < z < 1.5" 69055135201623.164 248885843655.6525 228004027234.5952 269595986195.6258
"1.1 < z < 1.5" 77525974886294.64 259557071869.3191 236056500426.40604 284083227668.2421
"1.1 < z < 1.5" 87035913614851.83 269101969134.82187 247009710415.63394 296001908072.6385
"1.1 < z < 1.5" 97712415353465.02 283014715641.42975 257623963196.41992 310730538029.801
"1.1 < z < 1.5" 109698579789238.62 294191564632.6883 266088456868.3824 325787857468.19836
"1.1 < z < 1.5" 123155060329282.61 306325154672.85016 279237281119.55 338442240270.08923
"1.1 < z < 1.5" 138262217376465.92 321481398123.0312 290786032880.4356 357700038236.88104
"1.1 < z < 1.5" 155222535742704.8 333161885898.9211 299626541115.6263 372632513399.29736
"1.1 < z < 1.5" 174263338600965.44 349096829084.32086 315418107019.311 391187189828.8616
"1.1 < z < 1.5" 195639834351706.47 365244933779.9411 327885437078.9725 410793671165.9868
"1.1 < z < 1.5" 219638537241655.16 377058242731.6788 336956131025.7071 425828927122.46356
"1.1 < z < 1.5" 246581107582260.38 398210268811.72815 356174513335.70294 452141728229.8895
"1.1 < z < 1.5" 276828663039207.22 414877365910.88666 369878030149.0992 470873860354.8769
"1.1 < z < 1.5" 310786618778201.4 429731666869.07684 381470875317.075 496388156501.7968
"1.1 < z < 1.5" 348910121340678.06 454667400762.33417 403477954716.3823 521308247344.3773
"1.1 < z < 1.5" 391710149080926.06 471136303255.3946 418008862592.14307 542774272276.2042
"1.1 < z < 1.5" 439760360930273.0 494857786434.03357 434863300341.8258 576674993684.5646
"1.1 < z < 1.5" 493704785283900.4 519907005828.3471 458696634549.98535 597872120380.6663
"1.1 < z < 1.5" 554266452066311.9 534936841941.8922 473041688924.78534 637207849354.1409
"1.1 < z < 1.5" 622257083673023.1 572255966206.894 499139460385.37946 665605047825.4286
"1.1 < z < 1.5" 698587974678526.4 594211863486.4829 522703512412.6465 703917049446.8295
"1.1 < z < 1.5" 784282206133768.1 627169791681.2 535285019103.89825 741737943675.3455
"1.1 < z < 1.5" 880488358164348.2 659936218539.3646 575410009098.31 776603642724.0094
"1.1 < z < 1.5" 988495904662558.6 682648775723.0072 595513759351.1238 827495775837.7465
"1.5 < z < 2.0" 52919787359.58458 112381665.43456881 94623783.86677255 131982645.50941718
"1.5 < z < 2.0" 59411339849.6504 136706395.04678372 115445460.14958301 160040587.05160418
"1.5 < z < 2.0" 66699196630.30115 166193084.48127913 140924346.27354038 194461455.11768487
"1.5 < z < 2.0" 74881038575.9003 202163236.8803314 171887877.18703148 236447474.21321803
"1.5 < z < 2.0" 84066528856.18352 246206783.6850703 209410033.67317584 287808283.69706947
"1.5 < z < 2.0" 94378782777.7539 299857582.1373528 255067885.87036386 351164881.5115601
"1.5 < z < 2.0" 105956017927.76149 365205776.222105 311008738.32707936 428836094.3892049
"1.5 < z < 2.0" 118953406737.03207 445586623.66638154 379071783.3372229 523857537.1693801
"1.5 < z < 2.0" 133545156292.99028 543653741.4131455 461619367.04816145 640643288.3144076
"1.5 < z < 2.0" 149926843278.6047 663376112.1377643 562842990.0203421 784488992.0394892
"1.5 < z < 2.0" 168318035333.0955 809928470.5058352 685837842.8336178 960764293.7868629
"1.5 < z < 2.0" 188965233969.12115 989462877.1235557 835017196.0238099 1176489751.2166271
"1.5 < z < 2.0" 212145178491.06363 1208427485.994493 1016746506.4771618 1441589923.732116
"1.5 < z < 2.0" 238168555197.61606 1475253787.8524883 1238756779.4765418 1766786056.872121
"1.5 < z < 2.0" 267384161583.9944 1802158620.9851265 1507883595.7122974 2164739967.865124
"1.5 < z < 2.0" 300183581357.5592 2200613522.279692 1834967546.2903266 2651129645.5841255
"1.5 < z < 2.0" 337006432927.19385 2684264050.045868 2235068829.479746 3246738278.3887124
"1.5 < z < 2.0" 378346261713.1933 3272149515.5111346 2719374976.520907 3973300740.5435767
"1.5 < z < 2.0" 424757155253.6894 3989486049.473763 3302762018.182378 4852003957.173018
"1.5 < z < 2.0" 476861169771.44745 4855377360.00131 4013464957.899759 5911636026.57921
"1.5 < z < 2.0" 535356667741.0741 5895041215.751804 4868216270.159436 7190131473.26926
"1.5 < z < 2.0" 601027678207.0388 7148749844.30732 5888159603.101055 8718162839.571285
"1.5 < z < 2.0" 674754405311.0686 8640010760.404673 7115155177.543119 10520301644.729881
"1.5 < z < 2.0" 757525025877.192 10396370999.501364 8566224855.542952 12640899906.154633
"1.5 < z < 2.0" 850448934180.2704 12459036340.911762 10283813397.38525 15084039155.128859
"1.5 < z < 2.0" 954771611420.8066 14827466148.31715 12311123768.493279 17894211158.238575
"1.5 < z < 2.0" 1071891319205.1265 17566312613.298927 14656532806.463877 21051912313.69398
"1.5 < z < 2.0" 1203377840777.5906 20640271438.617836 17357270247.230053 24587419496.761887
"1.5 < z < 2.0" 1350993521198.0305 24072909803.74117 20389994710.896404 28471358070.88726
"1.5 < z < 2.0" 1516716888470.924 27852137472.497158 23757198753.28958 32688121701.75396
"1.5 < z < 2.0" 1702769172225.8977 31944228895.256207 27470241069.38643 37197875832.72607
