SHMR.ecsv
# %ECSV 1.0
# ---
# datatype:
# - {name: Redshift, datatype: string}
# - {name: M_halo, unit: solMass, datatype: float64}
# - {name: M_star_50, unit: solMass, datatype: float64}
# - {name: M_star_16, unit: solMass, datatype: float64}
# - {name: M_star_84, unit: solMass, datatype: float64}
# meta: !!omap
# - cosmology: {H0: 70.0, Omega_lambda: 0.7, Omega_m: 0.3}
# - {IMF: Chabrier03}
# schema: astropy-2.0
Redshift M_halo M_star_50 M_star_16 M_star_84
[from data line 179]
"0.8 < z < 1.1" 105956017927.76149 1158640498.7097557 914080924.865467 1426528405.9120393
"0.8 < z < 1.1" 118953406737.03207 1447733057.0735807 1143823346.425102 1783731910.8210366
"0.8 < z < 1.1" 133545156292.99028 1800414145.732909 1425442869.6140535 2218126059.6862354
"0.8 < z < 1.1" 149926843278.6047 2227181015.1560397 1768591218.937118 2743264703.5904703
"0.8 < z < 1.1" 168318035333.0955 2739637210.654497 2183303865.979354 3371862527.0700593
"0.8 < z < 1.1" 188965233969.12115 3349918601.1595263 2679242830.813052 4116843833.6973486
"0.8 < z < 1.1" 212145178491.06363 4071601920.612051 3269113458.720674 4992345808.109345
"0.8 < z < 1.1" 238168555197.61606 4917635618.340739 3967639746.4472117 6003337543.564666
"0.8 < z < 1.1" 267384161583.9944 5894648279.730313 4780870046.642171 7166615991.572707
"0.8 < z < 1.1" 300183581357.5592 7022901515.0335245 5724601793.658468 8487314725.271908
"0.8 < z < 1.1" 337006432927.19385 8299120060.3410845 6812236322.023159 9978900686.883083
"0.8 < z < 1.1" 378346261713.1933 9747340107.621117 8052691938.381264 11637710944.811888
"0.8 < z < 1.1" 424757155253.6894 11361089594.501768 9450197603.350193 13480069919.452042
"0.8 < z < 1.1" 476861169771.44745 13143606492.569525 11023376015.699339 15504625515.073437
"0.8 < z < 1.1" 535356667741.0741 15110471916.118183 12764834134.558693 17702207708.284893
"0.8 < z < 1.1" 601027678207.0388 17253908269.099773 14678046801.034758 20074733100.934086
"0.8 < z < 1.1" 674754405311.0686 19573818919.956112 16773451590.42407 22623356189.397533
"0.8 < z < 1.1" 757525025877.192 22067706639.232063 19051780751.877605 25348799129.24386
"0.8 < z < 1.1" 850448934180.2704 24731482567.371857 21497801565.193317 28245659418.726505
"0.8 < z < 1.1" 954771611420.8066 27561205142.130573 24107672228.73102 31303468853.322086
"0.8 < z < 1.1" 1071891319205.1265 30549909790.156055 26876901719.41988 34512196949.390274
"0.8 < z < 1.1" 1203377840777.5906 33687009119.455853 29805727330.397552 37859876870.877754
"0.8 < z < 1.1" 1350993521198.0305 36988189362.36269 32908450449.106 41377648497.22896
"0.8 < z < 1.1" 1516716888470.924 40463667223.55889 36166902207.167656 45065248160.80981
"0.8 < z < 1.1" 1702769172225.8977 44071812680.32512 39565490682.51719 48867941739.77517
"0.8 < z < 1.1" 1911644075385.7036 47785931356.2641 43083772545.97634 52761683406.90605
"0.8 < z < 1.1" 2146141197858.4102 51695892178.84819 46725932426.34569 56921091205.47601
"0.8 < z < 1.1" 2409403560239.527 55761473813.386765 50567700064.72665 61143580952.818794
"0.8 < z < 1.1" 2704959730463.1313 59869678015.33573 54479243714.92494 65500686430.89418
"0.8 < z < 1.1" 3036771118035.4604 64261618093.88177 58498606390.448875 70097245401.61237
"0.8 < z < 1.1" 3409285069746.8213 68730470886.82005 62736029755.34227 74662907700.17563
"0.8 < z < 1.1" 3827494478516.315 73344221437.31873 66941500808.3958 79669305397.69508
"0.8 < z < 1.1" 4297004704320.835 78186330311.65155 71493904169.32324 84543776376.83908
"0.8 < z < 1.1" 4824108704165.374 83024517827.96887 75975710402.31981 89915387824.92703
"0.8 < z < 1.1" 5415871378079.487 88241326556.83308 80730297554.97386 95129042544.4612
"0.8 < z < 1.1" 6080224261649.427 93356965443.85783 85439084597.96722 100904565789.08966
"0.8 < z < 1.1" 6826071834272.379 98942788917.88324 90465342129.77242 106433862047.57301
"0.8 < z < 1.1" 7663410868007.463 104396189034.0717 95358506950.63127 112696285965.4252
"0.8 < z < 1.1" 8603464416684.526 110304421077.10147 100729801678.36551 118567923765.7423
"0.8 < z < 1.1" 9658832241158.709 116166128696.93364 105745449762.40935 125313574447.37857
"0.8 < z < 1.1" 10843659686896.086 122320656057.24704 111511519345.0139 131696503079.35779
"0.8 < z < 1.1" 12173827277396.621 128731972282.00584 116915641682.8794 138778003530.70703
"0.8 < z < 1.1" 13667163564620.102 134993244863.2797 122760651828.44476 145841098470.10803
"0.8 < z < 1.1" 15343684089300.133 142105974112.37415 128705408297.24394 153139092464.87735
"0.8 < z < 1.1" 17225859653987.84 148650528739.50034 134366877882.0715 161097748321.54422
"0.8 < z < 1.1" 19338917504552.32 156263041978.62918 141094505252.10327 168422588643.00232
"0.8 < z < 1.1" 21711179456945.098 163634839131.59473 147233909532.6932 177477164722.69757
"0.8 < z < 1.1" 24374441501222.22 171091106982.93408 153901506682.47122 185740056856.51456
"0.8 < z < 1.1" 27364399970746.664 179481668145.0845 160889176414.0638 194850595386.65158
"0.8 < z < 1.1" 30721129988617.59 187051498263.26752 167172996291.8903 204225325796.2353
"0.8 < z < 1.1" 34489622604057.668 195998291109.381 174859292323.7916 212871538827.32706
"0.8 < z < 1.1" 38720387818125.57 204783711145.9029 182207880669.92084 223887595274.0376
"0.8 < z < 1.1" 43470131581250.17 212810016879.03418 188712600016.14542 233722772753.56342
"0.8 < z < 1.1" 48802515836544.336 223376916214.38232 197576834094.58588 244601455883.62158
"0.8 < z < 1.1" 54789011795939.56 232697368163.76685 205508954406.8453 256252853830.13162
"0.8 < z < 1.1" 61509857885805.05 242437398285.5108 212585658439.32074 266452918028.09375
"0.8 < z < 1.1" 69055135201623.164 253841208177.7579 222640645615.44647 280145789324.1117
"0.8 < z < 1.1" 77525974886294.64 263692077521.34155 231328343096.45157 292529629979.79114
"0.8 < z < 1.1" 87035913614851.83 275563398986.56805 239188810422.0219 305159037622.52045
"0.8 < z < 1.1" 97712415353465.02 288027445309.867 250664622392.39868 320473418630.7822
"0.8 < z < 1.1" 109698579789238.62 298531033616.8813 260358375206.8916 333434264839.38385
"1.1 < z < 1.5" 52919787359.58458 87914311.26904379 71178718.73565607 106203332.80530055
"1.1 < z < 1.5" 59411339849.6504 110345761.05252421 89653309.56525269 133080104.72811054
"1.1 < z < 1.5" 66699196630.30115 138410023.46820426 112657534.43222733 166884756.5209077
"1.1 < z < 1.5" 74881038575.9003 173521801.1058156 141262099.42706847 209339858.92705366
"1.1 < z < 1.5" 84066528856.18352 217392969.25911906 176902620.87669647 262630685.7642342
"1.1 < z < 1.5" 94378782777.7539 272058592.77244645 221152681.16053474 329362765.44676876
"1.1 < z < 1.5" 105956017927.76149 340231720.301462 276034131.9044534 412970136.3002405
"1.1 < z < 1.5" 118953406737.03207 425156731.7001116 343967427.30993277 517414800.5205647
"1.1 < z < 1.5" 133545156292.99028 530434793.5101795 427970795.65933335 647775687.9738308
"1.1 < z < 1.5" 149926843278.6047 660736623.7181474 531424589.836359 810029305.8347763
"1.1 < z < 1.5" 168318035333.0955 821981759.1022242 659018468.586872 1011582830.1904331
"1.1 < z < 1.5" 188965233969.12115 1021845689.8230052 816106551.2965343 1261446518.4972763
"1.1 < z < 1.5" 212145178491.06363 1268081456.1455505 1009778972.0372777 1570692093.989603
"1.1 < z < 1.5" 238168555197.61606 1570728474.9236438 1247759625.3283029 1952034303.1597946
"1.1 < z < 1.5" 267384161583.9944 1941681940.4125378 1538779172.4407556 2420126035.48991
"1.1 < z < 1.5" 300183581357.5592 2394822304.2093377 1893790495.9991503 2994040531.534067
"1.1 < z < 1.5" 337006432927.19385 2946659538.730399 2325048964.161856 3695086255.6879377
"1.1 < z < 1.5" 378346261713.1933 3620118758.510004 2851173405.810715 4551508166.211101
"1.1 < z < 1.5" 424757155253.6894 4437224841.558338 3486558754.6821575 5587896589.976951
"1.1 < z < 1.5" 476861169771.44745 5420900873.8548355 4249784794.017304 6830625507.788468
"1.1 < z < 1.5" 535356667741.0741 6596389374.905699 5168765737.399168 8307906563.925926
"1.1 < z < 1.5" 601027678207.0388 8006900794.556806 6272917317.648073 10061450777.361916
"1.1 < z < 1.5" 674754405311.0686 9672206051.262083 7587978678.628318 12105699969.288261
"1.1 < z < 1.5" 757525025877.192 11620405986.079693 9148433602.579773 14465816347.626005
"1.1 < z < 1.5" 850448934180.2704 13874286584.64988 10986459723.390236 17150966765.97707
"1.1 < z < 1.5" 954771611420.8066 16430143928.934706 13119473503.249983 20171870947.460938
"1.1 < z < 1.5" 1071891319205.1265 19307900900.73298 15575848254.12094 23503023790.907673
"1.1 < z < 1.5" 1203377840777.5906 22489806763.667915 18326562442.28975 27144536716.45742
"1.1 < z < 1.5" 1350993521198.0305 25956782611.600117 21367184636.20383 31053929910.799934
"1.1 < z < 1.5" 1516716888470.924 29671660319.792885 24678159587.866726 35194299822.00367
"1.1 < z < 1.5" 1702769172225.8977 33620992632.84181 28218156434.456104 39543957949.959564
"1.1 < z < 1.5" 1911644075385.7036 37771646396.23057 31968887192.506695 44065522745.13239
"1.1 < z < 1.5" 2146141197858.4102 42102661378.22209 35914749853.20662 48720799843.10798
"1.1 < z < 1.5" 2409403560239.527 46622032151.03822 40047750342.98852 53475687215.46607
"1.1 < z < 1.5" 2704959730463.1313 51301303678.711235 44353927209.15082 58368174221.03169
"1.1 < z < 1.5" 3036771118035.4604 56111893688.65957 48817955719.67801 63381407135.22202
"1.1 < z < 1.5" 3409285069746.8213 61017086829.58026 53417511704.71546 68440273610.60541
"1.1 < z < 1.5" 3827494478516.315 66022069178.795296 58223945578.70535 73603320086.82722
"1.1 < z < 1.5" 4297004704320.835 71258714109.11821 63201706817.87014 78970074216.12952
"1.1 < z < 1.5" 4824108704165.374 76501030913.88681 68248706388.99841 84226863235.0197
"1.1 < z < 1.5" 5415871378079.487 81915721211.99657 73452804905.78578 89913542788.73367
"1.1 < z < 1.5" 6080224261649.427 87480483276.10664 78876687343.21437 95405894592.35643
"1.1 < z < 1.5" 6826071834272.379 93022297557.0401 84200219172.14812 101309251107.67804
"1.1 < z < 1.5" 7663410868007.463 98930559072.92749 90033850698.36562 106989220585.69232
"1.1 < z < 1.5" 8603464416684.526 104668333319.0184 95691295504.97061 113268837935.63295
"1.1 < z < 1.5" 9658832241158.709 110903021905.74364 101750808330.65286 119081469324.95662
"1.1 < z < 1.5" 10843659686896.086 116923266861.00119 107669384387.54268 125918552457.0777
"1.1 < z < 1.5" 12173827277396.621 123448934262.68965 114033085646.99712 132170876354.39977
"1.1 < z < 1.5" 13667163564620.102 129955556531.83914 120092604588.42137 139324096571.16925
"1.1 < z < 1.5" 15343684089300.133 136646987828.50746 126867050847.40196 146245899083.65915
"1.1 < z < 1.5" 17225859653987.84 143834462384.07822 132990304976.85344 153492575764.48254
"1.1 < z < 1.5" 19338917504552.32 150426407593.25192 140175664702.97986 161343029311.743
"1.1 < z < 1.5" 21711179456945.098 158519959840.6272 146778854570.10468 168359800052.64136
"1.1 < z < 1.5" 24374441501222.22 165723348169.52426 153788064815.79294 177526188576.30484
"1.1 < z < 1.5" 27364399970746.664 173845261212.14917 161191675525.4475 185648147418.9122
"1.1 < z < 1.5" 30721129988617.59 182085142410.40823 167681258010.58755 194808738808.48935
"1.1 < z < 1.5" 34489622604057.668 189433779199.79056 175991788239.04306 204411431178.471
"1.1 < z < 1.5" 38720387818125.57 199255335324.0164 183505920826.24765 213084968187.8831
"1.1 < z < 1.5" 43470131581250.17 207737032388.69644 190595568346.73932 224465637288.2117
"1.1 < z < 1.5" 48802515836544.336 216865408521.84232 199764605118.99033 234238932382.23157
"1.1 < z < 1.5" 54789011795939.56 227181794541.8224 207544540527.02393 245570825048.94537
"1.1 < z < 1.5" 61509857885805.05 235861543065.0733 215642925878.3048 257515167324.18002
"1.1 < z < 1.5" 69055135201623.164 247049776020.86496 225639445505.03397 267570826168.05026
"1.1 < z < 1.5" 77525974886294.64 257896782721.4495 233893265167.05264 282452169366.56525
"1.1 < z < 1.5" 87035913614851.83 266746412451.9925 243154769097.64426 294714531641.5174
"1.1 < z < 1.5" 97712415353465.02 280466532549.53815 254343268547.823 308742783491.7618
"1.1 < z < 1.5" 109698579789238.62 292024031073.75073 263288677814.28003 324164662437.301
"1.1 < z < 1.5" 123155060329282.61 302257007577.1333 274045873786.87283 336384674080.8312
"1.1 < z < 1.5" 138262217376465.92 318085801110.868 286597552830.3553 355657632410.5716
"1.1 < z < 1.5" 155222535742704.8 330313754988.69244 296241366409.4984 371153898935.45325
"1.1 < z < 1.5" 174263338600965.44 343372251421.4307 308912444386.6264 388711947711.5063
"1.1 < z < 1.5" 195639834351706.47 360881701667.25165 323291929986.83417 408932672404.90424
"1.1 < z < 1.5" 219638537241655.16 373740181626.34546 333813882865.762 423794574490.20044
"1.1 < z < 1.5" 246581107582260.38 391451711562.13116 349773638994.6801 449584835516.1118
"1.1 < z < 1.5" 276828663039207.22 410168958452.41943 365572831330.8776 469037182104.2889
"1.1 < z < 1.5" 310786618778201.4 423058645730.4269 376430213903.6607 492697432524.57623
"1.1 < z < 1.5" 348910121340678.06 447653232642.11316 397028774194.21765 518739217641.124
"1.1 < z < 1.5" 391710149080926.06 466577259046.0586 413869371129.3938 537039251485.2379
"1.1 < z < 1.5" 439760360930273.0 483627879422.4746 424558338457.26605 573257755947.3046
"1.1 < z < 1.5" 493704785283900.4 513047219375.32465 451942610787.7906 595988470451.7592
"1.1 < z < 1.5" 554266452066311.9 530833817519.79553 468950759896.60596 632819538521.509
"1.1 < z < 1.5" 622257083673023.1 561545644393.4736 486675455669.5991 662597895005.4896
"1.1 < z < 1.5" 698587974678526.4 588180577705.0145 515884372595.0762 695065513296.9005
"1.1 < z < 1.5" 784282206133768.1 608826140981.5608 531623551228.9374 736566280584.1313
"1.1 < z < 1.5" 880488358164348.2 650654999690.4357 563307722070.4639 759881230657.5245
"1.1 < z < 1.5" 988495904662558.6 671320087563.4807 589440786052.8203 819220726777.199
"1.1 < z < 1.5" 1109752496412074.4 718302272172.7881 605145156684.5186 847205239660.8578
"1.5 < z < 2.0" 52919787359.58458 113351993.30204141 95740354.58058317 132207423.78256705
"1.5 < z < 2.0" 59411339849.6504 137882836.16795483 116783978.79945435 160447709.11868575
"1.5 < z < 2.0" 66699196630.30115 167720410.30682397 142411695.98425978 195149181.91009668
"1.5 < z < 2.0" 74881038575.9003 204063416.74654183 173619195.88871807 237508053.14549735
"1.5 < z < 2.0" 84066528856.18352 248697137.48543903 211462210.13002473 289325191.6593558
"1.5 < z < 2.0" 94378782777.7539 303096560.525193 257468272.44154504 353339149.23151916
"1.5 < z < 2.0" 105956017927.76149 369397685.19035304 313986250.783189 431749926.078508
"1.5 < z < 2.0" 118953406737.03207 450728590.0599335 382691304.014651 527814397.1909081
"1.5 < z < 2.0" 133545156292.99028 550289020.2021922 466067472.48507905 645622928.5988528
"1.5 < z < 2.0" 149926843278.6047 671859448.513233 567993435.1657962 790837342.0354592
"1.5 < z < 2.0" 168318035333.0955 820317449.226847 692208234.5873841 968828820.4278475
"1.5 < z < 2.0" 188965233969.12115 1003086529.6797309 842866384.7691926 1186897170.396641
"1.5 < z < 2.0" 212145178491.06363 1225983727.9848125 1025996545.3437347 1454305226.0288508
"1.5 < z < 2.0" 238168555197.61606 1497056174.9996831 1249771839.2417614 1783254676.4247503
"1.5 < z < 2.0" 267384161583.9944 1827669243.4528813 1520779367.286416 2186121703.7486005
"1.5 < z < 2.0" 300183581357.5592 2232259669.316422 1848250587.6628144 2678000663.007188
"1.5 < z < 2.0" 337006432927.19385 2723963551.0802827 2248426747.187307 3276803471.785065
"1.5 < z < 2.0" 378346261713.1933 3319269317.0571895 2732253661.391476 4008688936.86121
"1.5 < z < 2.0" 424757155253.6894 4044345505.262344 3314161707.2994013 4893763154.669969
"1.5 < z < 2.0" 476861169771.44745 4919238462.113389 4022245171.9029937 5958300629.111017
"1.5 < z < 2.0" 535356667741.0741 5967691109.920587 4872820735.832334 7242384322.971774
"1.5 < z < 2.0" 601027678207.0388 7226290928.0039015 5882353833.415888 8771078381.614313
"1.5 < z < 2.0" 674754405311.0686 8722545938.017887 7097497281.686163 10564457663.221872
"1.5 < z < 2.0" 757525025877.192 10474697365.90595 8536323362.660917 12665908330.090342
"1.5 < z < 2.0" 850448934180.2704 12532958379.244059 10240748999.07999 15077768527.600704
"1.5 < z < 2.0" 954771611420.8066 14887702603.71288 12248603781.498034 17844829238.30346
"1.5 < z < 2.0" 1071891319205.1265 17601229472.709774 14561474164.097334 20954783329.394485
"1.5 < z < 2.0" 1203377840777.5906 20633404866.06307 17217412730.545105 24455863755.481087
"1.5 < z < 2.0" 1350993521198.0305 24005647486.94889 20210417281.983646 28303989107.471012
"1.5 < z < 2.0" 1516716888470.924 27719137406.84417 23534381771.862026 32490418475.244545
