SHMR.ecsv
# %ECSV 1.0
# ---
# datatype:
# - {name: Redshift, datatype: string}
# - {name: M_halo, unit: solMass, datatype: float64}
# - {name: M_star_50, unit: solMass, datatype: float64}
# - {name: M_star_16, unit: solMass, datatype: float64}
# - {name: M_star_84, unit: solMass, datatype: float64}
# meta: !!omap
# - cosmology: {H0: 70.0, Omega_lambda: 0.7, Omega_m: 0.3}
# - {IMF: Chabrier03}
# schema: astropy-2.0
Redshift M_halo M_star_50 M_star_16 M_star_84
[from data line 358]
"1.5 < z < 2.0" 2146141197858.4102 40540972862.472595 35264177388.25035 46604569453.59654
"1.5 < z < 2.0" 2409403560239.527 45477045702.892525 39817147964.14263 51906187724.75645
"1.5 < z < 2.0" 2704959730463.1313 50689976428.54957 44640387213.039536 57450142157.585106
"1.5 < z < 2.0" 3036771118035.4604 56165102063.83799 49730321471.838844 63209961665.895424
"1.5 < z < 2.0" 3409285069746.8213 61891431727.53484 55075158872.374596 69154125827.11804
"1.5 < z < 2.0" 3827494478516.315 67836149175.20502 60654091434.78673 75226560395.61743
"1.5 < z < 2.0" 4297004704320.835 74042094833.22421 66457071105.98222 81699355865.98424
"1.5 < z < 2.0" 4824108704165.374 80596337477.54156 72638656898.328 88366112003.16325
"1.5 < z < 2.0" 5415871378079.487 87301184661.11487 79012206873.44263 95052652222.21358
"1.5 < z < 2.0" 6080224261649.427 94073661883.69044 85483589468.23705 102327768613.54536
"1.5 < z < 2.0" 6826071834272.379 101458834051.12808 92287723306.15578 109738906306.22366
"1.5 < z < 2.0" 7663410868007.463 108823782855.63196 99393987347.66199 117307986965.49557
"1.5 < z < 2.0" 8603464416684.526 116467962329.93007 106370727751.15791 125621389703.49443
"1.5 < z < 2.0" 9658832241158.709 124562630639.96333 114033558248.50851 133590710932.65442
"1.5 < z < 2.0" 10843659686896.086 132468750060.71954 121480294918.81096 142907814818.25677
"1.5 < z < 2.0" 12173827277396.621 141389201741.73596 129322224241.13728 151727641523.34235
"1.5 < z < 2.0" 13667163564620.102 149647609098.7278 137199687849.63475 161734422781.16357
"1.5 < z < 2.0" 15343684089300.133 159443888162.00702 145406101121.19543 171508000708.05405
"1.5 < z < 2.0" 17225859653987.84 168158152109.57324 153654152421.84604 182456218020.15332
"1.5 < z < 2.0" 19338917504552.32 178837910603.97906 162419988269.08612 193362950668.1495
"1.5 < z < 2.0" 21711179456945.098 188167056756.77866 170796213473.28885 205344762799.44635
"1.5 < z < 2.0" 24374441501222.22 199712846877.48642 180456514132.55984 217387728809.60837
"1.5 < z < 2.0" 27364399970746.664 209924573513.90244 188674554142.58838 230585957710.96463
"1.5 < z < 2.0" 30721129988617.59 222167106085.3285 199481617951.8131 243714317057.29785
"1.5 < z < 2.0" 34489622604057.668 233532628741.59137 208685138698.32455 258247410977.74963
"1.5 < z < 2.0" 38720387818125.57 246126676843.6081 219220216886.66647 272192839083.25397
"1.5 < z < 2.0" 43470131581250.17 259089331056.29477 229928289012.2235 288464516183.5752
"1.5 < z < 2.0" 48802515836544.336 271393237768.59543 238973839194.52237 302904434259.8768
"1.5 < z < 2.0" 54789011795939.56 286696000864.11346 252271582177.31284 321620297163.6929
"1.5 < z < 2.0" 61509857885805.05 298880468001.90173 262853083964.6512 336589203284.6551
"1.5 < z < 2.0" 69055135201623.164 316387328072.18646 275212983875.5451 358000055120.0331
"2.0 < z < 2.5" 94378782777.7539 192557234.2721043 162327810.85512915 225607829.97035462
"2.0 < z < 2.5" 105956017927.76149 237919909.30380028 201403918.91668943 278189227.81999665
"2.0 < z < 2.5" 118953406737.03207 294277154.1956605 249877411.44422117 343729965.4680912
"2.0 < z < 2.5" 133545156292.99028 364540050.07484055 309938755.9362758 425411734.4324341
"2.0 < z < 2.5" 149926843278.6047 452544880.1215206 384459413.8249018 527511891.58186656
"2.0 < z < 2.5" 168318035333.0955 562293283.1856755 476874916.1290853 655511074.5328237
"2.0 < z < 2.5" 188965233969.12115 699366356.2777427 591886658.7202796 816590451.3046329
"2.0 < z < 2.5" 212145178491.06363 870771655.7490398 735096276.63851 1019065232.0592961
"2.0 < z < 2.5" 238168555197.61606 1085033627.6292913 913607654.6225792 1272805969.7444544
"2.0 < z < 2.5" 267384161583.9944 1352070894.1461651 1136131468.7142086 1590029785.7191389
"2.0 < z < 2.5" 300183581357.5592 1684509367.9760044 1413423357.9085834 1986535575.777509
"2.0 < z < 2.5" 337006432927.19385 2097829099.1377978 1758910380.3766859 2481038919.1909547
"2.0 < z < 2.5" 378346261713.1933 2610666787.229811 2188529904.320225 3097000534.096993
"2.0 < z < 2.5" 424757155253.6894 3247061708.0395713 2720109531.205564 3860259918.536745
"2.0 < z < 2.5" 476861169771.44745 4031651559.2329626 3376038645.224423 4799717835.291846
"2.0 < z < 2.5" 535356667741.0741 4995245760.48977 4183430268.5249596 5947917759.575376
"2.0 < z < 2.5" 601027678207.0388 6172227330.967134 5172960004.601208 7340971829.797459
"2.0 < z < 2.5" 674754405311.0686 7598772957.967627 6376565708.850719 9016769148.146805
"2.0 < z < 2.5" 757525025877.192 9312148976.762993 7828194077.20332 11010261645.861963
"2.0 < z < 2.5" 850448934180.2704 11357121288.235182 9567076947.50021 13351892361.384861
"2.0 < z < 2.5" 954771611420.8066 13751631366.239616 11633347843.067606 16089676369.25496
"2.0 < z < 2.5" 1071891319205.1265 16517899479.313154 14068379889.839478 19230305354.748463
"2.0 < z < 2.5" 1203377840777.5906 19709440753.394203 16877108263.52306 22796180199.232777
"2.0 < z < 2.5" 1350993521198.0305 23298367100.09779 20114161025.99794 26779539386.786446
"2.0 < z < 2.5" 1516716888470.924 27334499241.8705 23764921213.170727 31226043823.684628
"2.0 < z < 2.5" 1702769172225.8977 31796571797.03939 27872625558.460445 36097283566.003105
"2.0 < z < 2.5" 1911644075385.7036 36651820078.332794 32377575458.334843 41387965239.707794
"2.0 < z < 2.5" 2146141197858.4102 41910861044.50692 37273343125.4839 47092943387.48839
"2.0 < z < 2.5" 2409403560239.527 47619833389.055855 42601557427.430115 53242306092.66584
"2.0 < z < 2.5" 2704959730463.1313 53719260482.31033 48305154217.56646 59767390455.137344
"2.0 < z < 2.5" 3036771118035.4604 60218125578.697876 54359445564.59731 66653011987.134285
"2.0 < z < 2.5" 3409285069746.8213 67087680370.8921 60769266989.335724 73955802448.00885
"2.0 < z < 2.5" 3827494478516.315 74353649728.43005 67515393696.95004 81659580435.18915
"2.0 < z < 2.5" 4297004704320.835 82050909226.43704 74594694012.37306 89764930695.34174
"2.0 < z < 2.5" 4824108704165.374 90126053206.71269 82121831560.48312 98236604953.3703
"2.0 < z < 2.5" 5415871378079.487 98538780089.169 89989758814.55737 106988599371.64398
"2.0 < z < 2.5" 6080224261649.427 107196127556.177 98133281617.83128 116421916828.89972
"2.0 < z < 2.5" 6826071834272.379 116512793071.91539 106417667980.94536 126368871346.24344
"2.0 < z < 2.5" 7663410868007.463 126352165846.07109 115420281540.55965 136453388981.2163
"2.0 < z < 2.5" 8603464416684.526 136267815346.4779 124606000675.75423 147156499321.12714
"2.0 < z < 2.5" 9658832241158.709 146835378807.0847 133542453165.22154 158695132984.22058
"2.0 < z < 2.5" 10843659686896.086 158103961452.3268 143749702438.6057 170033250826.26096
"2.0 < z < 2.5" 12173827277396.621 168971200802.3715 153604042328.92575 182890180265.50546
"2.0 < z < 2.5" 13667163564620.102 181602939832.0953 164081069210.48288 195995301277.3047
"2.0 < z < 2.5" 15343684089300.133 193818334657.96094 175086945674.5562 209338453414.1704
"2.0 < z < 2.5" 17225859653987.84 206785117024.728 186012895762.7485 224450947162.56702
"2.0 < z < 2.5" 19338917504552.32 220376440701.04257 198260152086.13937 238250837613.48672
"2.0 < z < 2.5" 21711179456945.098 233920353794.0226 209669349357.5084 255569146950.50507
"2.0 < z < 2.5" 24374441501222.22 249073314617.58112 223168848275.88678 271227381066.12994
"2.0 < z < 2.5" 27364399970746.664 263470922661.70322 235363513360.82477 289600802072.81384
"2.0 < z < 2.5" 30721129988617.59 280284969840.7864 250073237191.06552 307140623996.4703
"2.0 < z < 2.5" 34489622604057.668 295830506514.5263 263349278982.85617 326778530781.26154
"2.0 < z < 2.5" 38720387818125.57 314325278733.85126 279110526620.22766 346210315718.78394
"2.0 < z < 2.5" 43470131581250.17 331436828427.87067 294011891654.0973 367632769199.37744
"2.0 < z < 2.5" 48802515836544.336 351588594921.4409 310402918893.6981 389130472185.9942
"2.0 < z < 2.5" 54789011795939.56 370856861001.5223 327409067802.55493 412951702607.28217
"2.0 < z < 2.5" 61509857885805.05 392520800299.09485 343353803808.9759 436646659096.82184
"2.0 < z < 2.5" 69055135201623.164 414507049812.98364 363504357731.76746 463221476509.70984
"2.0 < z < 2.5" 77525974886294.64 437228011862.47577 377767633929.9902 488881666582.21423
"2.0 < z < 2.5" 87035913614851.83 462892677252.64557 402322505140.4571 519401034479.5202
"2.0 < z < 2.5" 97712415353465.02 485959496155.50354 419744253199.3307 547509294113.1857
"2.5 < z < 3.0" 133545156292.99028 247876196.48625717 203583780.0819767 289560460.18550617
"2.5 < z < 3.0" 149926843278.6047 309009846.6244084 255170240.68020025 360374143.95701957
"2.5 < z < 3.0" 168318035333.0955 385892067.47495574 319896000.0356994 449878944.1930603
"2.5 < z < 3.0" 188965233969.12115 482581318.4677557 401265927.0971581 563274065.8000648
"2.5 < z < 3.0" 212145178491.06363 604798603.7304953 503721213.10871243 707331539.1926953
"2.5 < z < 3.0" 238168555197.61606 759489293.8080679 632549903.674156 890713089.5545008
"2.5 < z < 3.0" 267384161583.9944 955557436.7139012 794396579.9452971 1124719321.7924488
"2.5 < z < 3.0" 300183581357.5592 1204038490.191804 998297700.0113441 1423317081.6713438
"2.5 < z < 3.0" 337006432927.19385 1518627864.446556 1254955208.4925725 1804367059.3487554
"2.5 < z < 3.0" 378346261713.1933 1916157962.083128 1577821090.3798032 2289018154.344816
"2.5 < z < 3.0" 424757155253.6894 2417422004.2589216 1981785091.7012715 2901298059.1241264
"2.5 < z < 3.0" 476861169771.44745 3047216583.466147 2484546625.869375 3671176432.9635034
"2.5 < z < 3.0" 535356667741.0741 3835268086.310876 3110039908.924607 4632540356.454283
"2.5 < z < 3.0" 601027678207.0388 4815633973.655177 3888173455.1905084 5824145643.323966
"2.5 < z < 3.0" 674754405311.0686 6027488631.507116 4850304670.199226 7289276309.011717
"2.5 < z < 3.0" 757525025877.192 7517742821.278606 6033366291.097754 9065608287.622633
"2.5 < z < 3.0" 850448934180.2704 9324594468.01505 7481626950.724078 11198470001.314598
"2.5 < z < 3.0" 954771611420.8066 11507446370.64512 9239029955.53374 13720680248.338648
"2.5 < z < 3.0" 1071891319205.1265 14097498320.387306 11359782797.860495 16663350205.059753
"2.5 < z < 3.0" 1203377840777.5906 17118844327.692898 13872296969.617674 20106229118.627857
"2.5 < z < 3.0" 1350993521198.0305 20614042695.309807 16804418149.045815 24017751786.725376
"2.5 < z < 3.0" 1516716888470.924 24609338694.066265 20204972758.716812 28472641174.224358
"2.5 < z < 3.0" 1702769172225.8977 29068090162.661076 24043917564.435055 33424669340.809303
"2.5 < z < 3.0" 1911644075385.7036 34032262340.680443 28358446891.741295 39007385429.15844
"2.5 < z < 3.0" 2146141197858.4102 39506418641.22742 33080718000.765793 45131764252.6739
"2.5 < z < 3.0" 2409403560239.527 45439253997.01075 38246198091.21868 51816526961.87398
"2.5 < z < 3.0" 2704959730463.1313 51840615135.08309 43832832935.86901 59062667021.269936
"2.5 < z < 3.0" 3036771118035.4604 58719271979.89537 49817514534.94613 66888267852.338066
"2.5 < z < 3.0" 3409285069746.8213 66102511840.88519 56190529796.61101 75309907495.81044
"2.5 < z < 3.0" 3827494478516.315 73976947087.86664 62971082910.01395 84343044448.35522
"2.5 < z < 3.0" 4297004704320.835 82355690200.33221 70109613745.75711 94034429402.00696
"2.5 < z < 3.0" 4824108704165.374 91269680594.77954 77519115127.643 104529002629.24014
"2.5 < z < 3.0" 5415871378079.487 100679996594.24474 85140678437.93005 115808963805.77858
"2.5 < z < 3.0" 6080224261649.427 110484324882.80745 93123163514.59808 127765430868.97757
"2.5 < z < 3.0" 6826071834272.379 120512099106.45058 101482950504.3816 140313312649.77213
"2.5 < z < 3.0" 7663410868007.463 131206465103.08624 109849274568.22049 153307191066.83282
"2.5 < z < 3.0" 8603464416684.526 142559800501.1209 118117920436.34085 166906532804.28748
"2.5 < z < 3.0" 9658832241158.709 153933974644.88373 127466930326.36145 181807001238.77307
"2.5 < z < 3.0" 10843659686896.086 165819447039.84833 136474586740.33557 196968210612.83484
"2.5 < z < 3.0" 12173827277396.621 178891389235.77444 146216725236.1138 211905473121.20523
"2.5 < z < 3.0" 13667163564620.102 191342726082.13867 156423944093.34183 229588377293.35675
"2.5 < z < 3.0" 15343684089300.133 205585914970.6133 166301143674.30652 247077001857.83997
"2.5 < z < 3.0" 17225859653987.84 219878897030.12656 177842525894.60913 264682043768.7145
"3.0 < z < 3.5" 149926843278.6047 333497888.1906276 278259600.31072164 389545268.5283316
"3.0 < z < 3.5" 168318035333.0955 433080950.99395806 364302168.92084104 502142968.5190057
"3.0 < z < 3.5" 188965233969.12115 562303953.0894574 476570006.486864 648944948.5615728
"3.0 < z < 3.5" 212145178491.06363 729578861.0188082 622127786.6167383 841329317.5798067
"3.0 < z < 3.5" 238168555197.61606 947068467.6705213 809858796.1897082 1092093278.5241294
"3.0 < z < 3.5" 267384161583.9944 1227986572.8841887 1051748545.931948 1418480861.1820197
"3.0 < z < 3.5" 300183581357.5592 1590560391.5502913 1362554885.0220327 1841092052.4276397
"3.0 < z < 3.5" 337006432927.19385 2056098579.339651 1759830117.0744734 2389776338.8574
"3.0 < z < 3.5" 378346261713.1933 2654012824.1700716 2265489465.5364866 3094331768.5686994
"3.0 < z < 3.5" 424757155253.6894 3414849108.27787 2905795429.6182127 3992146387.656938
"3.0 < z < 3.5" 476861169771.44745 4377601372.040105 3715768948.981397 5126973523.626464
"3.0 < z < 3.5" 535356667741.0741 5589380907.073831 4734648082.990566 6548425101.282114
"3.0 < z < 3.5" 601027678207.0388 7099832113.173425 6010071039.026825 8316791854.598612
"3.0 < z < 3.5" 674754405311.0686 8969660763.139547 7592885898.69453 10498530998.558449
"3.0 < z < 3.5" 757525025877.192 11266092027.07243 9538648360.756363 13165252744.096886
"3.0 < z < 3.5" 850448934180.2704 14060329496.786554 11909842901.1196 16392981235.833834
"3.0 < z < 3.5" 954771611420.8066 17420947469.926224 14778523107.166187 20264286246.039177
"3.0 < z < 3.5" 1071891319205.1265 21420863356.828033 18240573435.6351 24850764888.30424
"3.0 < z < 3.5" 1203377840777.5906 26140740365.234997 22356293897.66168 30227250112.967083
"3.0 < z < 3.5" 1350993521198.0305 31700150226.44102 27186812175.54584 36524614710.80894
"3.0 < z < 3.5" 1516716888470.924 38109369796.22756 32822637283.548634 43826395498.48921
"3.0 < z < 3.5" 1702769172225.8977 45533401680.196915 39363620561.34955 52143828586.99813
"3.0 < z < 3.5" 1911644075385.7036 53970001817.840866 46755031398.31034 61732869226.00103
"3.0 < z < 3.5" 2146141197858.4102 63580749370.657234 55224705712.30305 72576204761.62225
"3.0 < z < 3.5" 2409403560239.527 74259163338.73784 64650980686.946915 84721275975.55132
"3.0 < z < 3.5" 2704959730463.1313 86332096967.13733 75055818338.68102 98580940358.63458
"3.0 < z < 3.5" 3036771118035.4604 99747745825.6002 86722096487.92178 113951614649.71173
"3.0 < z < 3.5" 3409285069746.8213 114476050895.5636 99358578664.09586 130986502717.7512
"3.0 < z < 3.5" 3827494478516.315 130601305248.92682 112956288835.88083 149739649515.46683
"3.0 < z < 3.5" 4297004704320.835 148199123293.38037 127559489230.129 170746048753.64282
"3.0 < z < 3.5" 4824108704165.374 167301364641.68787 143311430246.3518 193895911740.92593
"3.0 < z < 3.5" 5415871378079.487 188035442625.02643 160270637104.11893 219170327626.75626
"3.0 < z < 3.5" 6080224261649.427 210510093849.11255 178395134477.0304 246671502110.6142
"3.0 < z < 3.5" 6826071834272.379 234673119715.95447 197697547626.05722 276425436723.0745
"3.0 < z < 3.5" 7663410868007.463 260618746096.7799 218184580677.4631 308260951664.6512
"3.0 < z < 3.5" 8603464416684.526 288368125422.2567 239679380347.39053 342234317518.8789
"3.0 < z < 3.5" 9658832241158.709 317770562739.68854 263439669280.05173 378383327451.7628
"3.0 < z < 3.5" 10843659686896.086 348579968930.9661 288925940076.4358 418858703588.1875
"3.0 < z < 3.5" 12173827277396.621 380406705666.8143 315398806788.2786 462557160872.58704
"3.0 < z < 3.5" 13667163564620.102 416562733742.4118 342176381167.1922 509049237273.8557
"3.0 < z < 3.5" 15343684089300.133 455048544678.3508 371859892257.81146 557895027479.7753
"3.5 < z < 4.5" 149926843278.6047 385211725.30850345 319107577.34875965 444935919.7453523
