SHMR.ecsv
# %ECSV 1.0
# ---
# datatype:
# - {name: Redshift, datatype: string}
# - {name: M_halo, unit: solMass, datatype: float64}
# - {name: M_star_50, unit: solMass, datatype: float64}
# - {name: M_star_16, unit: solMass, datatype: float64}
# - {name: M_star_84, unit: solMass, datatype: float64}
# meta: !!omap
# - cosmology: {H0: 70.0, Omega_lambda: 0.7, Omega_m: 0.3}
# - {IMF: Chabrier03}
# schema: astropy-2.0
Redshift M_halo M_star_50 M_star_16 M_star_84
"0.2 < z < 0.5" 18679135990.207848 33302432.34056274 26971437.61209443 39519622.733064465
"0.2 < z < 0.5" 20970464013.23239 40929416.44556896 33355095.32111041 48482332.032936946
"0.2 < z < 0.5" 23542864143.2242 50364646.77039969 41188378.72147633 59623379.969206505
"0.2 < z < 0.5" 26430814869.741028 62004165.734649576 50819504.08088858 73418544.45946781
"0.2 < z < 0.5" 29673024081.888725 76360732.85221146 62717232.423595525 90576412.06312124
"0.2 < z < 0.5" 33312947879.346836 94140656.88290825 77288868.40551819 112090017.93961924
"0.2 < z < 0.5" 37399373024.78802 116134342.99298674 95084380.30684377 138929464.57182267
"0.2 < z < 0.5" 41987070844.43906 143443562.31526005 116831021.97593226 172468813.33201516
"0.2 < z < 0.5" 47137531341.16729 177444142.12609512 143502370.23444256 214407720.8185848
"0.2 < z < 0.5" 52919787359.58458 219720205.43486118 176366237.77989164 266923018.76067546
"0.2 < z < 0.5" 59411339849.6504 272179542.89950603 216556769.09373817 332713834.0792065
"0.2 < z < 0.5" 66699196630.30115 337352640.9179941 265798249.71589485 415069728.9335102
"0.2 < z < 0.5" 74881038575.9003 418180530.05518925 326129528.55342203 518013590.6396846
"0.2 < z < 0.5" 84066528856.18352 518348807.1625009 400860364.27911043 646847149.6610597
"0.2 < z < 0.5" 94378782777.7539 643104106.7095786 493099499.4814282 807495163.7845914
"0.2 < z < 0.5" 105956017927.76149 797894593.9286786 607075674.5415884 1007435321.609445
"0.2 < z < 0.5" 118953406737.03207 989818004.5750589 747662316.6185931 1256598638.9801877
"0.2 < z < 0.5" 133545156292.99028 1227472551.8466597 921260608.5071926 1565959149.1813307
"0.2 < z < 0.5" 149926843278.6047 1520828279.5187967 1136796371.3160183 1948296378.8425786
"0.2 < z < 0.5" 168318035333.0955 1880987680.7955108 1402112438.606323 2418506021.5098267
"0.2 < z < 0.5" 188965233969.12115 2322010260.247265 1727292827.7797344 2995726818.268947
"0.2 < z < 0.5" 212145178491.06363 2862080106.538895 2123827268.235255 3697440640.0994077
"0.2 < z < 0.5" 238168555197.61606 3514238970.7730856 2603557972.372915 4545982121.776778
"0.2 < z < 0.5" 267384161583.9944 4296519675.658318 3181702263.9776063 5559388964.639927
"0.2 < z < 0.5" 300183581357.5592 5226407630.715588 3871386110.902925 6752694833.580548
"0.2 < z < 0.5" 337006432927.19385 6330200170.680661 4686732113.475496 8150033866.2969885
"0.2 < z < 0.5" 378346261713.1933 7611503216.989384 5653941408.0522785 9764372895.450474
"0.2 < z < 0.5" 424757155253.6894 9090893244.64561 6779407202.328955 11599615013.070517
"0.2 < z < 0.5" 476861169771.44745 10777660354.573908 8080417240.383216 13670100541.43518
"0.2 < z < 0.5" 535356667741.0741 12682587653.29348 9572295674.074108 15966866275.618126
"0.2 < z < 0.5" 601027678207.0388 14795532969.907022 11269752319.242064 18485253484.617096
"0.2 < z < 0.5" 674754405311.0686 17131540387.917078 13161656365.684664 21233610940.19594
"0.2 < z < 0.5" 757525025877.192 19668828086.204224 15266800726.56822 24192146911.71199
"0.2 < z < 0.5" 850448934180.2704 22404244667.151245 17569323776.63657 27343507714.331226
"0.2 < z < 0.5" 954771611420.8066 25331207469.832348 20075119155.497257 30680933780.81219
"0.2 < z < 0.5" 1071891319205.1265 28442537735.25276 22777645323.134705 34185797798.003918
"0.2 < z < 0.5" 1203377840777.5906 31726674154.386456 25665681060.161846 37839575077.31881
"0.2 < z < 0.5" 1350993521198.0305 35173437732.73153 28727395069.641945 41618499153.81354
"0.2 < z < 0.5" 1516716888470.924 38768537125.06159 31947537675.2101 45555373378.033455
"0.2 < z < 0.5" 1702769172225.8977 42491386438.47987 35319637589.81446 49611720151.86083
"0.2 < z < 0.5" 1911644075385.7036 46372752844.55044 38831009146.00658 53752065429.69525
"0.2 < z < 0.5" 2146141197858.4102 50412452529.00241 42461190806.99112 58029785807.71805
"0.2 < z < 0.5" 2409403560239.527 54549219299.77178 46256997524.62653 62434692652.182045
"0.2 < z < 0.5" 2704959730463.1313 58790845730.46295 50193262263.58956 66837926488.2704
"0.2 < z < 0.5" 3036771118035.4604 63239587194.73735 54203501174.133415 71531602630.42912
"0.2 < z < 0.5" 3409285069746.8213 67702348529.410484 58330561730.43107 76201726098.67848
"0.2 < z < 0.5" 3827494478516.315 72368822983.86543 62605934704.42527 81098422394.4943
"0.2 < z < 0.5" 4297004704320.835 77097431562.0304 66853417385.88396 86048713504.80548
"0.2 < z < 0.5" 4824108704165.374 81931414158.33902 71390387220.72699 91215416640.06836
"0.2 < z < 0.5" 5415871378079.487 86906475044.72829 75856288142.39339 96437514575.7721
"0.2 < z < 0.5" 6080224261649.427 91950679827.5154 80552722135.6707 101919486743.46849
"0.2 < z < 0.5" 6826071834272.379 97137693468.66116 85180573488.73302 107354741745.1733
"0.2 < z < 0.5" 7663410868007.463 102450489948.06888 90090206190.56458 113256138579.79782
"0.2 < z < 0.5" 8603464416684.526 107768039823.69765 94819133078.8368 118849181891.3105
"0.2 < z < 0.5" 9658832241158.709 113421046683.50348 100004515994.54733 125262103904.62636
"0.2 < z < 0.5" 10843659686896.086 118759596518.74797 104911308060.87378 131348816237.80281
"0.2 < z < 0.5" 12173827277396.621 124845049110.01006 110256436355.92853 137951986143.46042
"0.2 < z < 0.5" 13667163564620.102 130617937115.22055 115494724951.59071 144693251842.8766
"0.2 < z < 0.5" 15343684089300.133 136663063608.80412 120737155628.61668 151319480525.12906
"0.2 < z < 0.5" 17225859653987.84 143040356654.81726 126390398142.0253 158875912494.4363
"0.2 < z < 0.5" 19338917504552.32 149002936223.64447 131676769330.18152 165961868207.28033
"0.2 < z < 0.5" 21711179456945.098 155928373944.13528 137464215374.28622 173835580332.19
"0.2 < z < 0.5" 24374441501222.22 162648545061.02716 143356165324.99435 181854791930.87738
"0.2 < z < 0.5" 27364399970746.664 169069898975.70773 148823068807.79312 189432045149.2775
"0.2 < z < 0.5" 30721129988617.59 176742814571.7382 155143619695.92905 198633503158.2914
"0.2 < z < 0.5" 34489622604057.668 183854640055.6545 161324143172.30524 207186656772.1249
"0.2 < z < 0.5" 38720387818125.57 190919934087.33038 167013288970.92014 216075373334.71457
"0.2 < z < 0.5" 43470131581250.17 199121295807.1349 173623985387.2859 225840813973.08286
"0.2 < z < 0.5" 48802515836544.336 206659028801.15228 180120436679.45944 234834181841.87234
"0.2 < z < 0.5" 54789011795939.56 214151123450.71228 186046608589.6426 244943748940.44913
"0.2 < z < 0.5" 61509857885805.05 223201396767.88495 192638079639.7912 255390187650.8142
"0.2 < z < 0.5" 69055135201623.164 231446313254.09134 199948866787.9114 264910342636.9647
"0.2 < z < 0.5" 77525974886294.64 239280250862.31036 206561781119.7634 276393239867.69226
"0.2 < z < 0.5" 87035913614851.83 249553910018.59485 212709655211.35562 287866473538.95917
"0.2 < z < 0.5" 97712415353465.02 258819900512.54788 221275177300.0418 298201191203.44006
"0.2 < z < 0.5" 109698579789238.62 267099003839.03296 228949975968.41483 311337378959.5154
"0.2 < z < 0.5" 123155060329282.61 278753165369.0502 235761279275.5244 324071601258.69824
"0.2 < z < 0.5" 138262217376465.92 289286344901.9366 244407334211.83676 335380002481.468
"0.2 < z < 0.5" 155222535742704.8 298564267719.37714 253616712354.9017 350532248426.6842
"0.2 < z < 0.5" 174263338600965.44 311299013496.3773 261680523869.10675 364806442815.81354
"0.5 < z < 0.8" 20970464013.23239 47251284.10882108 39358252.95772303 55267659.35432364
"0.5 < z < 0.8" 23542864143.2242 56520017.93451448 47359237.98640357 65995686.44260792
"0.5 < z < 0.8" 26430814869.741028 67739666.34412399 56923514.42622968 79040892.07400805
"0.5 < z < 0.8" 29673024081.888725 81155832.76400074 68485936.0033684 94932319.21944308
"0.5 < z < 0.8" 33312947879.346836 97563515.38548498 82249139.36861274 114247473.29577513
"0.5 < z < 0.8" 37399373024.78802 117322283.9162066 98829639.78291176 138083395.08739448
"0.5 < z < 0.8" 41987070844.43906 141411655.14145732 118770302.23354633 167207243.32015592
"0.5 < z < 0.8" 47137531341.16729 170860054.3741294 142827713.37781832 202989092.35344115
"0.5 < z < 0.8" 52919787359.58458 206711811.4118765 172068606.09085733 247220735.88572374
"0.5 < z < 0.8" 59411339849.6504 250876016.241221 207199830.4783544 301514986.5069503
"0.5 < z < 0.8" 66699196630.30115 304919227.63766223 250255969.39847988 368366920.75763434
"0.5 < z < 0.8" 74881038575.9003 371008513.1975784 302868384.0057664 451312424.8009287
"0.5 < z < 0.8" 84066528856.18352 452455388.99704236 367059037.7476499 553902299.5346715
"0.5 < z < 0.8" 94378782777.7539 552964693.2083683 446410846.0324533 680455732.5521127
"0.5 < z < 0.8" 105956017927.76149 676955143.986433 543887491.3310959 836347591.3367071
"0.5 < z < 0.8" 118953406737.03207 829924375.5671536 663929958.5511981 1029265333.0999014
"0.5 < z < 0.8" 133545156292.99028 1019572071.1244087 812249664.5244375 1268848144.4754937
"0.5 < z < 0.8" 149926843278.6047 1254244341.3449204 996109751.8170456 1564783033.904147
"0.5 < z < 0.8" 168318035333.0955 1542898348.5924935 1221618002.1375031 1929492907.621802
"0.5 < z < 0.8" 188965233969.12115 1896410158.5634568 1496820176.5596201 2378168111.8520737
"0.5 < z < 0.8" 212145178491.06363 2327268160.1657777 1833006674.4340289 2927420595.9266667
"0.5 < z < 0.8" 238168555197.61606 2852126984.837633 2241953707.7303987 3597076759.9734254
"0.5 < z < 0.8" 267384161583.9944 3485576925.918371 2733110158.134678 4399321386.039244
"0.5 < z < 0.8" 300183581357.5592 4240539287.658592 3317611960.610331 5349672260.67418
"0.5 < z < 0.8" 337006432927.19385 5134540839.484854 4012719364.4075227 6462332752.731346
"0.5 < z < 0.8" 378346261713.1933 6182619627.779792 4830224095.270105 7751651633.59758
"0.5 < z < 0.8" 424757155253.6894 7390832828.247722 5782226024.067057 9215873431.525352
"0.5 < z < 0.8" 476861169771.44745 8781634516.231115 6889436433.467417 10865621324.408585
"0.5 < z < 0.8" 535356667741.0741 10349464041.217197 8162306239.296973 12701486124.842505
"0.5 < z < 0.8" 601027678207.0388 12107344703.674334 9612851124.013603 14716663849.751669
"0.5 < z < 0.8" 674754405311.0686 14050600381.637049 11247352690.488699 16919882832.365826
"0.5 < z < 0.8" 757525025877.192 16177122422.722244 13062777131.119076 19298149901.920662
"0.5 < z < 0.8" 850448934180.2704 18482617553.850906 15070056905.29608 21841686802.762943
"0.5 < z < 0.8" 954771611420.8066 20964362394.53248 17266449205.68885 24549982814.482746
"0.5 < z < 0.8" 1071891319205.1265 23619255284.091496 19644975752.654514 27418765758.480797
"0.5 < z < 0.8" 1203377840777.5906 26432410571.120464 22199972319.9389 30440185344.493725
"0.5 < z < 0.8" 1350993521198.0305 29411932372.92028 24927007769.961365 33606786648.804455
"0.5 < z < 0.8" 1516716888470.924 32545746191.987713 27823051898.875427 36937202321.52697
"0.5 < z < 0.8" 1702769172225.8977 35825714535.82349 30875441880.185303 40432428218.36731
"0.5 < z < 0.8" 1911644075385.7036 39239266152.69274 34075047345.552258 44049971636.669174
"0.5 < z < 0.8" 2146141197858.4102 42767948029.29331 37409848302.87964 47762940823.81014
"0.5 < z < 0.8" 2409403560239.527 46444333603.36109 40904175636.42822 51661034547.82674
"0.5 < z < 0.8" 2704959730463.1313 50292581153.20315 44510547672.156296 55701979865.473045
"0.5 < z < 0.8" 3036771118035.4604 54216148467.83375 48201048690.38642 59779534964.03281
"0.5 < z < 0.8" 3409285069746.8213 58275943691.91942 52017524575.180595 64119991642.85668
"0.5 < z < 0.8" 3827494478516.315 62513715716.634155 56003331099.48186 68504029416.7896
"0.5 < z < 0.8" 4297004704320.835 66726517746.13533 60009472238.71083 73032388688.7431
"0.5 < z < 0.8" 4824108704165.374 71298882901.2906 64254691338.0264 77737042289.28123
"0.5 < z < 0.8" 5415871378079.487 75795399656.37642 68544631516.699745 82500321026.96811
"0.5 < z < 0.8" 6080224261649.427 80592863541.87845 72962830866.01099 87528535493.6433
"0.5 < z < 0.8" 6826071834272.379 85340795984.18922 77522380664.04555 92561919774.67447
"0.5 < z < 0.8" 7663410868007.463 90400534566.64609 82141417739.6568 97890439240.56062
"0.5 < z < 0.8" 8603464416684.526 95350666461.03978 86940952248.033 103265693342.801
"0.5 < z < 0.8" 9658832241158.709 100776365637.09883 91800515552.50494 108848790610.81812
"0.5 < z < 0.8" 10843659686896.086 105888440818.72223 96783184819.70981 114666093921.55244
"0.5 < z < 0.8" 12173827277396.621 111754906902.84802 101968187974.89703 120415877580.52798
"0.5 < z < 0.8" 13667163564620.102 117273835882.87044 107025563421.23846 126815627737.97133
"0.5 < z < 0.8" 15343684089300.133 123309341818.94073 112618494889.8659 132798015950.04396
"0.5 < z < 0.8" 17225859653987.84 129346601117.81487 117833255233.61563 139701879709.71652
"0.5 < z < 0.8" 19338917504552.32 135358300936.97559 123678396280.6065 146325056535.58292
"0.5 < z < 0.8" 21711179456945.098 142073659000.97784 129385160586.2445 153254607411.73132
"0.5 < z < 0.8" 24374441501222.22 148281085436.64847 135004367705.59679 160734056876.15146
"0.5 < z < 0.8" 27364399970746.664 155364876342.80472 141438269425.41183 167625915136.03192
"0.5 < z < 0.8" 30721129988617.59 162400015917.43677 147345397293.7352 175941674723.1154
"0.5 < z < 0.8" 34489622604057.668 169027050905.4308 153817181787.08505 183802035968.64395
"0.5 < z < 0.8" 38720387818125.57 177190087534.99316 160641808150.7305 191761663911.8254
"0.5 < z < 0.8" 43470131581250.17 184622154161.58316 166833562208.63474 200906405757.49393
"0.5 < z < 0.8" 48802515836544.336 192387432851.2062 174277984837.9873 209198724691.94757
"0.5 < z < 0.8" 54789011795939.56 201159546412.1719 181611561108.52487 218739612233.03802
"0.5 < z < 0.8" 61509857885805.05 209036796710.72406 188176427402.5961 228564624667.50266
"0.5 < z < 0.8" 69055135201623.164 218126046326.60168 196677792176.10452 237343082331.22308
"0.5 < z < 0.8" 77525974886294.64 227709749392.25598 204620390660.97787 248830786427.43292
"0.5 < z < 0.8" 87035913614851.83 236180267246.25323 211618353016.8496 259426181662.71286
"0.5 < z < 0.8" 97712415353465.02 246893393339.79752 221314112058.54105 269545091546.333
"0.5 < z < 0.8" 109698579789238.62 257350929512.54004 230101947813.2649 282662204842.22815
"0.5 < z < 0.8" 123155060329282.61 266414407515.6107 237700572722.53568 294093721954.3212
"0.5 < z < 0.8" 138262217376465.92 279111871918.37225 248866317049.7235 306561617930.55115
"0.5 < z < 0.8" 155222535742704.8 290625518257.8649 258758960551.021 320984965699.37067
"0.5 < z < 0.8" 174263338600965.44 300524646740.8318 267119009645.9545 333251353191.6316
"0.5 < z < 0.8" 195639834351706.47 315696465981.1316 280244262525.8923 348956559025.6831
"0.5 < z < 0.8" 219638537241655.16 328398738365.7343 291428846160.83734 364750093473.4687
"0.5 < z < 0.8" 246581107582260.38 340667226722.86163 301055794918.59546 377777142781.2442
"0.5 < z < 0.8" 276828663039207.22 357797719394.03375 316327594829.1216 398027996627.4627
"0.5 < z < 0.8" 310786618778201.4 371657695215.1425 328688344567.8525 414917843250.5963
"0.5 < z < 0.8" 348910121340678.06 387693348467.8742 340316186780.6859 432317471512.21295
"0.5 < z < 0.8" 391710149080926.06 406609911918.6898 357769641682.7428 454792235749.20844
"0.5 < z < 0.8" 439760360930273.0 421251488200.8219 371306679674.3322 472233941985.44147
"0.8 < z < 1.1" 26430814869.741028 63615690.53694158 50839628.5813798 77667074.71094424
"0.8 < z < 1.1" 29673024081.888725 81610589.82983169 65509069.525283776 99306180.58533037
"0.8 < z < 1.1" 33312947879.346836 104652663.45327668 84210887.14983006 127159886.19602986
"0.8 < z < 1.1" 37399373024.78802 134075919.64825442 107925088.0939816 162946756.79713082
"0.8 < z < 1.1" 41987070844.43906 171749516.68207112 137900142.22060174 209035873.75023544
"0.8 < z < 1.1" 47137531341.16729 219888662.94091216 175778118.60193518 268004143.8304015
"0.8 < z < 1.1" 52919787359.58458 281063913.13619936 223790995.57001874 343021828.4406649
"0.8 < z < 1.1" 59411339849.6504 358532449.14077413 284728692.5062116 438168777.8224392
"0.8 < z < 1.1" 66699196630.30115 456368797.80829996 361479775.28892994 558650890.5747631
"0.8 < z < 1.1" 74881038575.9003 579238279.065556 457870755.4471172 710181131.9651401
"0.8 < z < 1.1" 84066528856.18352 732631347.4634773 578183307.4455595 899637051.4300139
