SHMR.ecsv
# %ECSV 1.0
# ---
# datatype:
# - {name: Redshift, datatype: string}
# - {name: M_halo, unit: solMass, datatype: float64}
# - {name: M_star_50, unit: solMass, datatype: float64}
# - {name: M_star_16, unit: solMass, datatype: float64}
# - {name: M_star_84, unit: solMass, datatype: float64}
# meta: !!omap
# - cosmology: {H0: 70.0, Omega_lambda: 0.7, Omega_m: 0.3}
# - {IMF: Chabrier03}
# schema: astropy-2.0
Redshift M_halo M_star_50 M_star_16 M_star_84
[from data line 536]
"3.5 < z < 4.5" 149926843278.6047 385797564.66670954 323355351.720732 444419698.2504088
"3.5 < z < 4.5" 168318035333.0955 493186850.1017363 414386581.29879314 565893131.288026
"3.5 < z < 4.5" 188965233969.12115 631795470.2276857 533755553.26309717 722486692.0676173
"3.5 < z < 4.5" 212145178491.06363 809990594.9440719 689610906.0431595 924407788.3738878
"3.5 < z < 4.5" 238168555197.61606 1039478211.9633738 889619828.4095942 1186699969.5146198
"3.5 < z < 4.5" 267384161583.9944 1336395537.239289 1144922608.0341785 1526508321.2994952
"3.5 < z < 4.5" 300183581357.5592 1717882857.241988 1469837923.8961248 1965768373.1582043
"3.5 < z < 4.5" 337006432927.19385 2205455645.765936 1883028467.0416195 2530522638.728359
"3.5 < z < 4.5" 378346261713.1933 2825832885.372176 2404705793.0238104 3253967314.9477525
"3.5 < z < 4.5" 424757155253.6894 3612414459.684725 3062017392.1467624 4175937284.6432695
"3.5 < z < 4.5" 476861169771.44745 4606088323.900932 3888898344.2033014 5343911225.660654
"3.5 < z < 4.5" 535356667741.0741 5855322080.739887 4926064322.652577 6806337286.0708065
"3.5 < z < 4.5" 601027678207.0388 7415845679.935763 6214446229.502511 8624025401.405289
"3.5 < z < 4.5" 674754405311.0686 9343357968.565987 7806790074.023956 10862114119.643894
"3.5 < z < 4.5" 757525025877.192 11703677346.797972 9763884341.831997 13592688393.491716
"3.5 < z < 4.5" 850448934180.2704 14580891752.005533 12149577765.94149 16894007038.316366
"3.5 < z < 4.5" 954771611420.8066 18049283330.42737 15019744650.492825 20863179196.62362
"3.5 < z < 4.5" 1071891319205.1265 22172105884.013023 18446371423.601917 25625705801.258396
"3.5 < z < 4.5" 1203377840777.5906 27016089280.144 22504464071.917416 31250718868.12885
"3.5 < z < 4.5" 1350993521198.0305 32703396966.377243 27190243684.241333 37817301473.713264
"3.5 < z < 4.5" 1516716888470.924 39338417971.80249 32557580935.163803 45572372379.37526
"3.5 < z < 4.5" 1702769172225.8977 46860494304.22884 38645623477.220726 54543945500.435074
"3.5 < z < 4.5" 1911644075385.7036 55599954684.514465 45439954286.12018 64895195001.73515
"3.5 < z < 4.5" 2146141197858.4102 65363810895.32919 52843148853.43286 76826886041.69125
"3.5 < z < 4.5" 2409403560239.527 76365284366.58842 61149912942.34144 90554612938.86229
"3.5 < z < 4.5" 2704959730463.1313 88723366866.61774 70192774928.1639 105853555364.17703
"3.5 < z < 4.5" 3036771118035.4604 102237882513.19852 80040850523.65686 123504024003.7998
"3.5 < z < 4.5" 3409285069746.8213 116916265828.25317 90721816545.70328 143032144719.2343
"3.5 < z < 4.5" 3827494478516.315 132842686573.57352 102260624181.68517 164443316953.2943
"3.5 < z < 4.5" 4297004704320.835 150238344760.85413 114646710325.37694 187870527293.39365
"3.5 < z < 4.5" 4824108704165.374 169187636747.06326 127933229340.0308 213805989099.78348
"3.5 < z < 4.5" 5415871378079.487 189408048600.47452 142244822315.7483 242461358768.42572
"3.5 < z < 4.5" 6080224261649.427 211269342206.16772 157559796238.1935 273552198738.13528
"3.5 < z < 4.5" 6826071834272.379 235034518965.22586 173652170005.61276 306841705770.1187
"3.5 < z < 4.5" 7663410868007.463 260704992197.15204 190201036147.86966 342495364012.5971
"3.5 < z < 4.5" 8603464416684.526 288225075291.8952 208735042538.5768 380453279028.48376
"3.5 < z < 4.5" 9658832241158.709 317348756702.8997 228725083670.48373 421664274200.8865
"3.5 < z < 4.5" 10843659686896.086 347579733406.3305 249369164893.4018 466743710936.95544
"4.5 < z < 5.5" 149926843278.6047 518982680.2755359 454500776.93469673 588236953.9563279
"4.5 < z < 5.5" 168318035333.0955 644210610.4254065 567414160.4219793 729270151.7682289
"4.5 < z < 5.5" 188965233969.12115 801550065.0760081 708398699.3858249 908924645.19181
"4.5 < z < 5.5" 212145178491.06363 999573209.6977065 885512988.0060294 1136287207.8542833
"4.5 < z < 5.5" 238168555197.61606 1249790097.0563722 1108287815.6235018 1422745228.2383974
"4.5 < z < 5.5" 267384161583.9944 1566815100.372791 1389676865.5032475 1784958632.8140562
"4.5 < z < 5.5" 300183581357.5592 1970158426.8823533 1745505172.0632515 2246093535.9117327
"4.5 < z < 5.5" 337006432927.19385 2485040242.6945033 2195578115.8958783 2834827110.438853
"4.5 < z < 5.5" 378346261713.1933 3142900994.0449862 2765812175.9516506 3587321614.2371507
"4.5 < z < 5.5" 424757155253.6894 3984815495.996203 3491927023.9123645 4552274495.639617
"4.5 < z < 5.5" 476861169771.44745 5064066064.358449 4416879650.659891 5793551259.547643
"4.5 < z < 5.5" 535356667741.0741 6449070775.079212 5595602261.1183195 7390385686.045185
"4.5 < z < 5.5" 601027678207.0388 8225361385.125073 7097808774.598252 9477066056.489061
"4.5 < z < 5.5" 674754405311.0686 10505701105.334972 9010042036.459488 12196966780.999432
"4.5 < z < 5.5" 757525025877.192 13452586753.265488 11435297675.988087 15749928954.336935
"4.5 < z < 5.5" 850448934180.2704 17259951743.170715 14505171879.307373 20383004398.528984
"4.5 < z < 5.5" 954771611420.8066 22142461030.147404 18365816796.555466 26442691394.373547
"4.5 < z < 5.5" 1071891319205.1265 28415799061.477364 23197378980.579453 34451333523.19153
"4.5 < z < 5.5" 1203377840777.5906 36432372672.98542 29220245737.94267 44795154015.34026
"4.5 < z < 5.5" 1350993521198.0305 46637656022.09217 36678288109.30037 58129479380.91318
"4.5 < z < 5.5" 1516716888470.924 59558844234.91953 45808435633.048515 75299976370.99626
"4.5 < z < 5.5" 1702769172225.8977 75872686276.35934 56798323066.1305 97793269335.22145
"4.5 < z < 5.5" 1911644075385.7036 96389423325.72922 69743234085.30678 127196884394.6529
"4.5 < z < 5.5" 2146141197858.4102 122212958753.16104 84468331902.49066 165652550317.8897
"4.5 < z < 5.5" 2409403560239.527 154577865155.74896 101705290085.6599 217184139377.17944
"4.5 < z < 5.5" 2704959730463.1313 195291564095.42615 120790116043.33324 288078082915.09283
"4.5 < z < 5.5" 3036771118035.4604 247099563782.2682 142575940971.67715 385939304034.0839
"4.5 < z < 5.5" 3409285069746.8213 312179808554.2271 165927062328.97974 523014984155.04834
"4.5 < z < 5.5" 3827494478516.315 395114339559.7639 191160331342.4249 717121376374.1792
"4.5 < z < 5.5" 4297004704320.835 502359835326.89496 218473827855.25647 999180298307.6068
"4.5 < z < 5.5" 4824108704165.374 641428634534.4387 247267515854.19653 1415163509229.282
"5.5 < z < 6.5" 133545156292.99028 508290867.6174049 426527404.8316525 597067214.470397
"5.5 < z < 6.5" 149926843278.6047 636026295.270957 534897813.39417446 741959538.2380346
"5.5 < z < 6.5" 168318035333.0955 798551189.8998598 673023841.2291294 926041490.715396
"5.5 < z < 6.5" 188965233969.12115 1006530670.0380311 849345415.7299262 1161531903.730798
"5.5 < z < 6.5" 212145178491.06363 1273269468.1671932 1074738424.5529585 1464821485.9748087
"5.5 < z < 6.5" 238168555197.61606 1615014767.7239442 1362805798.0943806 1856270440.5150414
"5.5 < z < 6.5" 267384161583.9944 2052850970.6924424 1730116967.1771288 2365385024.0790625
"5.5 < z < 6.5" 300183581357.5592 2614177380.1659017 2199034605.181032 3028027567.1899414
"5.5 < z < 6.5" 337006432927.19385 3341780682.710414 2793640470.03702 3892157338.5494227
"5.5 < z < 6.5" 378346261713.1933 4281376904.607313 3541496197.804844 5022314800.301185
"5.5 < z < 6.5" 424757155253.6894 5494368006.053456 4476905011.079328 6508883258.582802
"5.5 < z < 6.5" 476861169771.44745 7065300182.97471 5632178988.9643 8500843291.70798
"5.5 < z < 6.5" 535356667741.0741 9094893837.119503 7039501672.937554 11182386522.92841
"5.5 < z < 6.5" 601027678207.0388 11704406705.06862 8729642676.981731 14801122687.087801
"5.5 < z < 6.5" 674754405311.0686 15097148236.845903 10722028382.613531 19851878535.498276
"5.5 < z < 6.5" 757525025877.192 19493296517.65952 13053174122.747812 26779049389.517796
"5.5 < z < 6.5" 850448934180.2704 25196371533.048115 15773811348.115519 36367173190.28398
"5.5 < z < 6.5" 954771611420.8066 32585838259.72098 18836148731.17036 49507992228.88736
"5.5 < z < 6.5" 1071891319205.1265 42108286718.58862 22387959475.65291 67254533028.89573
"5.5 < z < 6.5" 1203377840777.5906 54514057411.83236 26294692759.569794 91446471819.72969
"5.5 < z < 6.5" 1350993521198.0305 70351808833.78769 30786830512.041542 123959323338.77658
"5.5 < z < 6.5" 1516716888470.924 90164501657.99731 35828211288.30426 167284278340.44824
"5.5 < z < 6.5" 1702769172225.8977 114696562921.93309 41484151207.627266 226023872169.0216
"5.5 < z < 6.5" 1911644075385.7036 145305274534.55716 48146454583.63326 305729663471.7423
"6.5 < z < 7.5" 118953406737.03207 800759059.4380952 654040171.9862521 951851337.0373931
"6.5 < z < 7.5" 133545156292.99028 1027507524.6695441 843939927.0075278 1224893792.2972987
"6.5 < z < 7.5" 149926843278.6047 1324361429.7587175 1090676833.3827724 1580354957.5616086
"6.5 < z < 7.5" 168318035333.0955 1711826783.9168038 1408606427.1890368 2044643875.4013166
"6.5 < z < 7.5" 188965233969.12115 2215706367.0658097 1817835201.8946044 2657362741.680397
"6.5 < z < 7.5" 212145178491.06363 2870208087.446459 2340415917.504184 3464379993.8105974
"6.5 < z < 7.5" 238168555197.61606 3722589437.562539 3002104976.745296 4531283661.745986
"6.5 < z < 7.5" 267384161583.9944 4833528528.335081 3823228340.4633107 5952278979.820111
"6.5 < z < 7.5" 300183581357.5592 6252113052.541278 4833586276.42402 7885119517.956947
"6.5 < z < 7.5" 337006432927.19385 8061236316.534659 6043531468.572625 10515320974.965904
"6.5 < z < 7.5" 378346261713.1933 10364831163.051039 7435464033.541848 14254988767.172518
"6.5 < z < 7.5" 424757155253.6894 13293224967.46051 9035815969.463108 19537187743.096462
"6.5 < z < 7.5" 476861169771.44745 17020190508.387997 10807188035.031652 27038992018.696552
"6.5 < z < 7.5" 535356667741.0741 21723919347.043953 12747475962.367378 37485685733.8159
"6.5 < z < 7.5" 601027678207.0388 27695137460.553448 14778632608.239985 51999600907.86821
"6.5 < z < 7.5" 674754405311.0686 35371644803.153595 17071311440.248928 71951093155.43875
"6.5 < z < 7.5" 757525025877.192 45194912372.37148 19568457125.14362 99004017497.62308
"6.5 < z < 7.5" 850448934180.2704 57723242581.03291 22254220901.216995 135505532562.46227
"6.5 < z < 7.5" 954771611420.8066 73630339127.0912 25122296042.25608 185388703526.5832
"6.5 < z < 7.5" 1071891319205.1265 93318168119.58171 28197958027.91894 252875019119.97388
"6.5 < z < 7.5" 1203377840777.5906 117485477016.94151 31647711161.43751 344125040743.1942
"6.5 < z < 7.5" 1350993521198.0305 148052930558.40408 35744900027.09008 469186681704.7053
"6.5 < z < 7.5" 1516716888470.924 184393439756.87064 40642929965.149864 641844859370.4718
"6.5 < z < 7.5" 1702769172225.8977 232444433523.9203 46334157151.26055 881354332933.228
"6.5 < z < 7.5" 1911644075385.7036 293004243503.95374 52906846953.43639 1245757931080.751
"6.5 < z < 7.5" 2146141197858.4102 368332567872.1712 61068606237.0606 1818702993726.9893
"6.5 < z < 7.5" 2409403560239.527 463985008150.6801 70479561681.50645 2707771435823.5093
"6.5 < z < 7.5" 2704959730463.1313 581751738130.2393 81471288963.29431 4125669658505.969
"7.5 < z < 8.5" 74881038575.9003 830558475.0059552 661251080.9385732 1013083697.652384
"7.5 < z < 8.5" 84066528856.18352 1054359152.0350233 843125869.5216697 1289823607.3053117
"7.5 < z < 8.5" 94378782777.7539 1332137807.3487577 1070699801.1472719 1634316042.7497885
"7.5 < z < 8.5" 105956017927.76149 1673964832.2051337 1352140047.1182327 2060471936.818977
"7.5 < z < 8.5" 118953406737.03207 2091331810.1984441 1693052460.805531 2579355547.4863467
"7.5 < z < 8.5" 133545156292.99028 2591063604.118928 2093276741.5559175 3198761719.530855
"7.5 < z < 8.5" 149926843278.6047 3178649372.2252054 2559208025.2841177 3926115942.7922196
"7.5 < z < 8.5" 168318035333.0955 3848391654.332012 3087482479.3419385 4777713078.134993
"7.5 < z < 8.5" 188965233969.12115 4601969497.209233 3666907138.567756 5795616992.8445215
"7.5 < z < 8.5" 212145178491.06363 5465147473.333838 4306373413.112498 7041471949.464298
"7.5 < z < 8.5" 238168555197.61606 6414587876.286516 4981537326.247496 8554565536.842613
"7.5 < z < 8.5" 267384161583.9944 7467397996.285229 5677780345.298493 10437165294.62931
"7.5 < z < 8.5" 300183581357.5592 8677107683.883472 6390733483.7097845 12826581702.162447
"7.5 < z < 8.5" 337006432927.19385 10004437300.821127 7116451492.018765 15864847175.173246
"7.5 < z < 8.5" 378346261713.1933 11464337826.795267 7864064899.154371 19648217583.383324
"7.5 < z < 8.5" 424757155253.6894 13102232105.81152 8633011381.490793 24467780695.72001
"7.5 < z < 8.5" 476861169771.44745 14980777863.140148 9405762192.96058 30813852229.101223
"7.5 < z < 8.5" 535356667741.0741 17158889161.305143 10322953084.427317 39131059732.32955
"7.5 < z < 8.5" 601027678207.0388 19697522888.38823 11329645868.56283 49958014526.76699
"7.5 < z < 8.5" 674754405311.0686 22603654362.759113 12382240646.861753 64124883918.85073
"7.5 < z < 8.5" 757525025877.192 25946906708.49393 13459014562.289377 82409550544.60228
"7.5 < z < 8.5" 850448934180.2704 29781718132.67808 14676326135.971373 106877810863.13629
"7.5 < z < 8.5" 954771611420.8066 34655966868.66111 16114698275.711699 139678878921.89465
"7.5 < z < 8.5" 1071891319205.1265 40117585920.002846 17645171083.619102 183637003197.77795
"7.5 < z < 8.5" 1203377840777.5906 46398488398.501816 19262052204.80722 244642646465.26364
"7.5 < z < 8.5" 1350993521198.0305 54540239014.05462 20970447928.626488 327537415808.9964
"7.5 < z < 8.5" 1516716888470.924 64721210567.53216 23225217112.17053 441451084342.31433
"7.5 < z < 8.5" 1702769172225.8977 76945701383.22287 25722723740.620934 597667958224.7074
"7.5 < z < 8.5" 1911644075385.7036 92141759405.30946 28594057367.547924 822063110516.996
"7.5 < z < 8.5" 2146141197858.4102 111634854326.91151 31960209876.46922 1153060361811.0808
"7.5 < z < 8.5" 2409403560239.527 135589764771.0135 35820887025.83352 1638094026677.788
"7.5 < z < 8.5" 2704959730463.1313 166831707011.01538 40215825341.63352 2359084083938.781
"7.5 < z < 8.5" 3036771118035.4604 207337700338.32733 45320307843.63885 3477394143210.1235
"8.5 < z < 10.0" 59411339849.6504 829235477.4773377 645287052.9135752 1014020638.1875538
"8.5 < z < 10.0" 66699196630.30115 1143192513.493139 887759650.9400483 1406375818.1332033
"8.5 < z < 10.0" 74881038575.9003 1584886394.0855434 1224029040.5872126 1962470743.7077997
"8.5 < z < 10.0" 84066528856.18352 2207474132.30796 1689687883.2084239 2755912175.0498705
"8.5 < z < 10.0" 94378782777.7539 3091663766.472807 2332458069.8326607 3898785569.299667
"8.5 < z < 10.0" 105956017927.76149 4339164538.273631 3208256239.32215 5547031754.102929
"8.5 < z < 10.0" 118953406737.03207 6100648039.030252 4369367133.83341 7940195207.066581
"8.5 < z < 10.0" 133545156292.99028 8565189179.196381 5860478181.537415 11403330314.36132
"8.5 < z < 10.0" 149926843278.6047 11979462675.167517 7796716630.473412 16434348027.408548
"8.5 < z < 10.0" 168318035333.0955 16650626760.566526 10198250975.092684 23784498322.097546
"8.5 < z < 10.0" 188965233969.12115 22979211928.939728 13047667723.044003 34586104938.92833
"8.5 < z < 10.0" 212145178491.06363 31390182075.873272 16358432652.58486 50096527458.99885
"8.5 < z < 10.0" 238168555197.61606 42373188662.58366 20044116926.82228 72244833932.00945
"10.0 < z < 12.0" 52919787359.58458 1014213548.719874 301231641.9842037 1700991339.6990907
"10.0 < z < 12.0" 59411339849.6504 1449103361.4065413 434833008.3747026 2495217720.533527
"10.0 < z < 12.0" 66699196630.30115 2068377318.873312 619447165.9210944 3689214884.7168612
"10.0 < z < 12.0" 74881038575.9003 2937282177.1022234 865143472.1496078 5520399651.282936
"10.0 < z < 12.0" 84066528856.18352 4179686485.1034913 1171606867.5881777 8312361883.944602
"10.0 < z < 12.0" 94378782777.7539 5895999531.414696 1528809919.0549479 12616863426.800234
