SHMR.ecsv
# %ECSV 1.0
# ---
# datatype:
# - {name: Redshift, datatype: string}
# - {name: M_halo, unit: solMass, datatype: float64}
# - {name: M_star_50, unit: solMass, datatype: float64}
# - {name: M_star_16, unit: solMass, datatype: float64}
# - {name: M_star_84, unit: solMass, datatype: float64}
# meta: !!omap
# - cosmology: {H0: 70.0, Omega_lambda: 0.7, Omega_m: 0.3}
# - {IMF: Chabrier03}
# schema: astropy-2.0
Redshift M_halo M_star_50 M_star_16 M_star_84
[from data line 536]
"3.5 < z < 4.5" 188965233969.12115 631728849.7845341 528935149.5908273 723329295.7255154
"3.5 < z < 4.5" 212145178491.06363 810753170.5854456 682795759.0588658 926615313.8477465
"3.5 < z < 4.5" 238168555197.61606 1041557371.949155 879739263.5247974 1190782645.2141232
"3.5 < z < 4.5" 267384161583.9944 1339785724.2887561 1130510079.974066 1532888254.108418
"3.5 < z < 4.5" 300183581357.5592 1722345648.3358681 1449452355.9517944 1975521222.3826563
"3.5 < z < 4.5" 337006432927.19385 2211748192.065946 1854196382.9533286 2544355394.729962
"3.5 < z < 4.5" 378346261713.1933 2834972635.566124 2368145193.689065 3272561436.5641418
"3.5 < z < 4.5" 424757155253.6894 3624139008.1343346 3015900784.623529 4199951914.3161454
"3.5 < z < 4.5" 476861169771.44745 4620852670.027795 3828616194.494674 5370040354.207035
"3.5 < z < 4.5" 535356667741.0741 5873377919.78277 4846002974.73446 6835526702.490475
"3.5 < z < 4.5" 601027678207.0388 7434834514.2393265 6120625633.253133 8650324877.556025
"3.5 < z < 4.5" 674754405311.0686 9361918755.849361 7706885960.393234 10884094671.707737
"3.5 < z < 4.5" 757525025877.192 11723440545.533676 9663381121.028305 13609539468.660446
"3.5 < z < 4.5" 850448934180.2704 14595431745.832077 12051027839.061611 16893182546.960135
"3.5 < z < 4.5" 954771611420.8066 18040044160.53131 14932488194.593737 20825893374.601097
"3.5 < z < 4.5" 1071891319205.1265 22135889560.7047 18389046784.90616 25541222378.60718
"3.5 < z < 4.5" 1203377840777.5906 26942712072.72562 22472502401.146416 31094442937.372475
"3.5 < z < 4.5" 1350993521198.0305 32583009097.82298 27195703629.801014 37571218523.67705
"3.5 < z < 4.5" 1516716888470.924 39141375787.419586 32616077110.030956 45276032375.82808
"3.5 < z < 4.5" 1702769172225.8977 46598791059.60606 38770281769.16126 54146832373.64905
"3.5 < z < 4.5" 1911644075385.7036 55233674974.34214 45656574023.436775 64421504830.25343
"3.5 < z < 4.5" 2146141197858.4102 64917662533.61099 53189657320.2495 76092479989.01384
"3.5 < z < 4.5" 2409403560239.527 75692996478.0422 61603799004.17315 89590941122.87294
"3.5 < z < 4.5" 2704959730463.1313 87912106949.13727 70776352211.98862 104658141756.07135
"3.5 < z < 4.5" 3036771118035.4604 101311020479.1877 80744336763.39116 121861667114.8084
"3.5 < z < 4.5" 3409285069746.8213 115835533304.94383 91484367595.01616 141094766265.77927
"3.5 < z < 4.5" 3827494478516.315 131655464684.17961 103031065605.89893 162162409127.62204
"3.5 < z < 4.5" 4297004704320.835 148746762073.54227 115454685692.43837 185177462538.9069
"3.5 < z < 4.5" 4824108704165.374 167159143883.2593 128746667543.10483 210365779211.59384
"3.5 < z < 4.5" 5415871378079.487 187164863151.02756 142939978259.45187 237866631858.62753
"3.5 < z < 4.5" 6080224261649.427 208838815339.3423 158090670599.89734 268215388662.42715
"3.5 < z < 4.5" 6826071834272.379 232150925827.65372 174148547329.48044 300821096014.6582
"3.5 < z < 4.5" 7663410868007.463 257116168275.1911 190848027539.21362 336106434302.05084
"3.5 < z < 4.5" 8603464416684.526 283732782515.39087 209333087191.90594 374457043892.5898
"3.5 < z < 4.5" 9658832241158.709 311893632173.49304 229597876230.06583 415503057799.47296
"3.5 < z < 4.5" 10843659686896.086 341250239602.9139 250572480902.50397 459820376288.49243
"4.5 < z < 5.5" 149926843278.6047 519249710.6957163 451783508.0144847 589023285.7712191
"4.5 < z < 5.5" 168318035333.0955 644730322.9581883 564532110.0543939 729778843.7145642
"4.5 < z < 5.5" 188965233969.12115 802988220.8014777 705088010.6000051 909429831.0172241
"4.5 < z < 5.5" 212145178491.06363 1001582160.6515453 881059350.0352297 1136787149.2075136
"4.5 < z < 5.5" 238168555197.61606 1251913771.7395196 1101448585.411329 1423914788.5808566
"4.5 < z < 5.5" 267384161583.9944 1569287328.171699 1379539193.435407 1788695781.376807
"4.5 < z < 5.5" 300183581357.5592 1972637370.8540144 1731477835.4698074 2253346479.1957254
"4.5 < z < 5.5" 337006432927.19385 2486741366.766014 2179118727.278491 2844188362.543426
"4.5 < z < 5.5" 378346261713.1933 3143118847.70219 2748625527.8745155 3596834337.6926966
"4.5 < z < 5.5" 424757155253.6894 3982638997.747311 3474214096.7227 4560826729.508416
"4.5 < z < 5.5" 476861169771.44745 5058519159.175729 4399023011.340476 5797672623.551339
"4.5 < z < 5.5" 535356667741.0741 6436596989.191507 5579180821.941026 7396175890.549482
"4.5 < z < 5.5" 601027678207.0388 8205447810.145581 7084360132.680605 9491436213.718807
"4.5 < z < 5.5" 674754405311.0686 10480043497.708792 9003023010.190083 12226229988.371265
"4.5 < z < 5.5" 757525025877.192 13429416216.516062 11440933529.467407 15798549002.610258
"4.5 < z < 5.5" 850448934180.2704 17241482551.210735 14533480410.35142 20456144866.73712
"4.5 < z < 5.5" 954771611420.8066 22135419772.341057 18429897296.04621 26537885492.14852
"4.5 < z < 5.5" 1071891319205.1265 28432380011.13612 23325980613.559204 34545655341.31357
"4.5 < z < 5.5" 1203377840777.5906 36514216612.87048 29458980247.953945 44914030487.13317
"4.5 < z < 5.5" 1350993521198.0305 46807453939.38242 37085106932.37832 58361192819.72839
"4.5 < z < 5.5" 1516716888470.924 59865243100.123405 46433308957.736946 75780953981.65717
"4.5 < z < 5.5" 1702769172225.8977 76303926474.35059 57732099402.45808 98436269399.12334
"4.5 < z < 5.5" 1911644075385.7036 96775889011.87401 71220019311.20193 127930865339.5648
"4.5 < z < 5.5" 2146141197858.4102 122277534046.42445 87080663816.70805 166421168824.32858
"4.5 < z < 5.5" 2409403560239.527 154313495078.05838 105340229265.72472 217933518855.43427
"4.5 < z < 5.5" 2704959730463.1313 194864798708.85406 126435281972.35997 287508754559.6884
"4.5 < z < 5.5" 3036771118035.4604 246429715005.7773 149335742177.54428 381794691657.45026
"4.5 < z < 5.5" 3409285069746.8213 312465409758.38617 174736487701.04214 513760608289.8931
"4.5 < z < 5.5" 3827494478516.315 396412606263.71234 201672532260.54956 699978104377.9504
"4.5 < z < 5.5" 4297004704320.835 502607610792.1821 230601880145.45358 970291210175.0947
"4.5 < z < 5.5" 4824108704165.374 638675853288.6466 262322316973.16 1373192895989.978
"5.5 < z < 6.5" 133545156292.99028 509826029.8067834 428945080.9066877 602912534.2900475
"5.5 < z < 6.5" 149926843278.6047 636951032.6690812 537668782.7049183 750169505.2947049
"5.5 < z < 6.5" 168318035333.0955 798895593.1775118 676463548.5007433 936068781.9828707
"5.5 < z < 6.5" 188965233969.12115 1005404651.2556286 853484192.7637933 1173471515.7292352
"5.5 < z < 6.5" 212145178491.06363 1270092161.398198 1079195884.6189384 1478300443.1975255
"5.5 < z < 6.5" 238168555197.61606 1609626645.764536 1366973241.3144865 1871449137.0514631
"5.5 < z < 6.5" 267384161583.9944 2045206490.066326 1732767352.5746226 2379226023.372649
"5.5 < z < 6.5" 300183581357.5592 2604781582.2084193 2198013712.271406 3033865397.917574
"5.5 < z < 6.5" 337006432927.19385 3327714969.771225 2786530380.6040206 3883211821.9595747
"5.5 < z < 6.5" 378346261713.1933 4260746357.8926916 3523487959.7976737 5000446902.261393
"5.5 < z < 6.5" 424757155253.6894 5466937835.408272 4440520747.274719 6469107979.534792
"5.5 < z < 6.5" 476861169771.44745 7020306919.266173 5571578156.989274 8442079864.9463
"5.5 < z < 6.5" 535356667741.0741 9019115919.489294 6941234546.9440975 11114931287.42505
"5.5 < z < 6.5" 601027678207.0388 11585204332.287964 8565772866.039549 14729649711.37896
"5.5 < z < 6.5" 674754405311.0686 14880489844.92564 10455125168.551132 19759828350.66694
"5.5 < z < 6.5" 757525025877.192 19153452168.350063 12668930056.885792 26635465813.72751
"5.5 < z < 6.5" 850448934180.2704 24664668820.390167 15166007880.485586 36197104723.0914
"5.5 < z < 6.5" 954771611420.8066 31817192715.34956 18034051327.917732 49243335995.37546
"5.5 < z < 6.5" 1071891319205.1265 40947790959.989685 21207963272.786884 66840762629.14563
"5.5 < z < 6.5" 1203377840777.5906 52653770231.66507 24794615980.0889 90966328810.06006
"5.5 < z < 6.5" 1350993521198.0305 67742064540.13138 28747718326.613983 122973438201.51703
"5.5 < z < 6.5" 1516716888470.924 86859288740.07591 33231962364.739 165480946737.0326
"5.5 < z < 6.5" 1702769172225.8977 111044482840.72511 38591736678.01026 224007785194.74692
"5.5 < z < 6.5" 1911644075385.7036 141675406061.1754 44503329628.55253 304928007014.38806
"6.5 < z < 7.5" 118953406737.03207 808736898.6721045 655391904.2115664 954405509.0768226
"6.5 < z < 7.5" 133545156292.99028 1039571012.5136383 846816108.2352728 1227680079.8247154
"6.5 < z < 7.5" 149926843278.6047 1341942603.129841 1095733613.5683944 1585193914.5008624
"6.5 < z < 7.5" 168318035333.0955 1736472265.9447696 1417430342.6111007 2051785396.9895358
"6.5 < z < 7.5" 188965233969.12115 2249460761.7208986 1831882168.6322415 2671893888.4255576
"6.5 < z < 7.5" 212145178491.06363 2916032305.701356 2365696392.114479 3497614461.8884726
"6.5 < z < 7.5" 238168555197.61606 3790916276.9212723 3041818138.7643027 4587417947.0711155
"6.5 < z < 7.5" 267384161583.9944 4928633333.782521 3878251951.0828876 6049431189.829348
"6.5 < z < 7.5" 300183581357.5592 6391575596.055601 4908952560.790997 8009462753.85135
"6.5 < z < 7.5" 337006432927.19385 8257360647.347948 6143192091.432662 10665981464.914816
"6.5 < z < 7.5" 378346261713.1933 10673191831.357252 7567608760.288895 14374750084.647848
"6.5 < z < 7.5" 424757155253.6894 13769548089.056185 9183397490.240955 19610992841.2724
"6.5 < z < 7.5" 476861169771.44745 17671561452.779446 10991402172.87545 27031068229.345234
"6.5 < z < 7.5" 535356667741.0741 22611640420.843555 12934001281.36914 37454220935.60076
"6.5 < z < 7.5" 601027678207.0388 28897410816.00563 15018909171.261122 52304757327.253975
"6.5 < z < 7.5" 674754405311.0686 36973293894.27051 17317680575.7088 73049243646.76816
"6.5 < z < 7.5" 757525025877.192 47195450627.727295 19763641638.48484 101908078177.08604
"6.5 < z < 7.5" 850448934180.2704 60191223587.755 22391868020.73102 141541674189.08038
"6.5 < z < 7.5" 954771611420.8066 76275956912.06044 25264246506.310158 195716363615.12183
"6.5 < z < 7.5" 1071891319205.1265 95526204383.02626 28421013050.696316 269564318918.80334
"6.5 < z < 7.5" 1203377840777.5906 119335609414.3242 31888328818.60226 371128026110.6783
"6.5 < z < 7.5" 1350993521198.0305 150255802445.99808 35650483716.82008 509869161158.4523
"6.5 < z < 7.5" 1516716888470.924 188546284838.5523 39992873404.35996 702126490428.3849
"6.5 < z < 7.5" 1702769172225.8977 236884988021.2257 45390062288.82506 987520392239.0563
"6.5 < z < 7.5" 1911644075385.7036 297374465154.74615 51634559375.535774 1425188468903.2578
"6.5 < z < 7.5" 2146141197858.4102 372027953318.86786 58675398062.55173 2090082657430.682
"6.5 < z < 7.5" 2409403560239.527 464961385074.1724 66628996304.43424 3144684763194.4365
"6.5 < z < 7.5" 2704959730463.1313 580897369818.2292 75864013834.82915 4800726861790.527
"7.5 < z < 8.5" 74881038575.9003 822856772.1779741 642508537.2318532 1000523887.7751353
"7.5 < z < 8.5" 84066528856.18352 1048801697.4740659 817674891.3555824 1276163651.8352687
"7.5 < z < 8.5" 94378782777.7539 1333153350.2889633 1036373502.5525726 1620517660.728529
"7.5 < z < 8.5" 105956017927.76149 1685135267.3723884 1306371669.0233407 2047056523.0972674
"7.5 < z < 8.5" 118953406737.03207 2113051819.5326777 1634481792.0361238 2568940796.3777833
"7.5 < z < 8.5" 133545156292.99028 2620477557.702486 2029489470.5491273 3193146820.752303
"7.5 < z < 8.5" 149926843278.6047 3217858320.877645 2494831565.598948 3929928745.1741247
"7.5 < z < 8.5" 168318035333.0955 3897029527.018493 3022674942.82268 4803058850.502667
"7.5 < z < 8.5" 188965233969.12115 4647604580.951235 3605284955.746946 5840713960.487385
"7.5 < z < 8.5" 212145178491.06363 5516049299.16451 4237685972.4042826 7105359018.928249
"7.5 < z < 8.5" 238168555197.61606 6467402435.016165 4915666231.822389 8670718862.672573
"7.5 < z < 8.5" 267384161583.9944 7526273592.949327 5622711926.412617 10638374449.264317
"7.5 < z < 8.5" 300183581357.5592 8707758879.068413 6349809777.935144 13131147307.312088
"7.5 < z < 8.5" 337006432927.19385 10003950655.050476 7089019841.511617 16277141948.14114
"7.5 < z < 8.5" 378346261713.1933 11441814481.000618 7844497005.717047 20162781668.081474
"7.5 < z < 8.5" 424757155253.6894 13029033820.440845 8619162973.350206 25078362192.754177
"7.5 < z < 8.5" 476861169771.44745 14776461770.055513 9407634359.616627 31278306137.93844
"7.5 < z < 8.5" 535356667741.0741 16827493909.269688 10322455642.119913 39428134436.513115
"7.5 < z < 8.5" 601027678207.0388 19142995220.291996 11310559537.979176 50078378811.75824
"7.5 < z < 8.5" 674754405311.0686 21818556666.959923 12345990148.656515 63805967842.09087
"7.5 < z < 8.5" 757525025877.192 24994044629.2854 13439162135.286224 81735815744.40623
"7.5 < z < 8.5" 850448934180.2704 28737297180.75738 14669740268.791618 105498016083.83218
"7.5 < z < 8.5" 954771611420.8066 33010173884.41939 16132025961.880573 138212955366.171
"7.5 < z < 8.5" 1071891319205.1265 38226054727.812386 17715351425.27378 182273763193.8904
"7.5 < z < 8.5" 1203377840777.5906 44732180172.86441 19419153607.726395 242749870927.32278
"7.5 < z < 8.5" 1350993521198.0305 52071261526.02646 21231576835.03289 328706660315.2643
"7.5 < z < 8.5" 1516716888470.924 61034897378.67165 23406710267.41718 447711501382.8528
"7.5 < z < 8.5" 1702769172225.8977 71932771443.1189 26040844460.576866 608133311974.4663
"7.5 < z < 8.5" 1911644075385.7036 85891886567.51366 29040559076.138454 841509593267.8322
"7.5 < z < 8.5" 2146141197858.4102 103737344933.80447 32455540156.426224 1170976529378.4812
"7.5 < z < 8.5" 2409403560239.527 125137368113.88179 36399801538.996994 1650563959479.3506
"7.5 < z < 8.5" 2704959730463.1313 149632604423.33173 40974999224.753815 2340812273673.2607
"7.5 < z < 8.5" 3036771118035.4604 183465950002.01276 46132073014.745186 3375900785338.2354
"8.5 < z < 10.0" 59411339849.6504 826426557.0772194 635871172.3045152 1014769145.8074585
"8.5 < z < 10.0" 66699196630.30115 1141313986.087476 876268180.7467531 1408493004.7518845
"8.5 < z < 10.0" 74881038575.9003 1584840248.3963323 1209933194.1028693 1966864271.2573748
"8.5 < z < 10.0" 84066528856.18352 2212732137.4514213 1670306748.8634937 2768592395.055011
"8.5 < z < 10.0" 94378782777.7539 3105241944.673365 2307540304.825945 3925958625.6358814
"8.5 < z < 10.0" 105956017927.76149 4375302239.087703 3177076390.1903534 5603423763.99611
"8.5 < z < 10.0" 118953406737.03207 6175226367.778727 4343360827.392019 8041000921.778815
"8.5 < z < 10.0" 133545156292.99028 8705940599.748703 5887063435.700661 11594858582.1109
"8.5 < z < 10.0" 149926843278.6047 12225146181.666924 7879372754.341021 16783484737.797796
"8.5 < z < 10.0" 168318035333.0955 17101269961.649023 10373745686.220085 24364113319.23585
"8.5 < z < 10.0" 188965233969.12115 23736033273.689373 13438249177.657843 35395641118.673256
"8.5 < z < 10.0" 212145178491.06363 32668305847.624092 17036920267.541956 51234025531.35931
"10.0 < z < 12.0" 47137531341.16729 1154034050.6360536 490356550.0606928 1754496584.0501878
"10.0 < z < 12.0" 52919787359.58458 1664251267.5385017 700415592.952742 2587860341.132152
"10.0 < z < 12.0" 59411339849.6504 2408919450.2229657 988366839.865123 3841783611.0125375
"10.0 < z < 12.0" 66699196630.30115 3485221127.366215 1365952156.6677861 5731378803.835213
"10.0 < z < 12.0" 74881038575.9003 5023836914.461774 1839565060.9092627 8611674252.267647
"10.0 < z < 12.0" 84066528856.18352 7166572988.818843 2448054263.0115576 12986821741.79511
"10.0 < z < 12.0" 94378782777.7539 10120986130.605114 3188769502.299968 19730732147.817955
"10.0 < z < 12.0" 105956017927.76149 14236838251.745531 4061858430.979772 29922129521.36802
"10.0 < z < 12.0" 118953406737.03207 19814021278.97239 5091162049.63661 45357568765.75538
