SHMR.ecsv
# %ECSV 1.0
# ---
# datatype:
# - {name: Redshift, datatype: string}
# - {name: M_halo, unit: solMass, datatype: float64}
# - {name: M_star_50, unit: solMass, datatype: float64}
# - {name: M_star_16, unit: solMass, datatype: float64}
# - {name: M_star_84, unit: solMass, datatype: float64}
# meta: !!omap
# - cosmology: {H0: 70.0, Omega_lambda: 0.7, Omega_m: 0.3}
# - {IMF: Chabrier03}
# schema: astropy-2.0
Redshift M_halo M_star_50 M_star_16 M_star_84
"0.2 < z < 0.5" 18679135990.207848 32957096.736469664 26964966.325669374 39423917.67669754
"0.2 < z < 0.5" 20970464013.23239 40517582.55099012 33329499.491935007 48347489.55370263
"0.2 < z < 0.5" 23542864143.2242 49883885.46628809 41151464.1098727 59391099.08224455
"0.2 < z < 0.5" 26430814869.741028 61427967.55244072 50755336.626286454 73082016.18450822
"0.2 < z < 0.5" 29673024081.888725 75674503.52039342 62578611.4599966 90170987.06993842
"0.2 < z < 0.5" 33312947879.346836 93267063.71208777 77072198.38235329 111556247.71369503
"0.2 < z < 0.5" 37399373024.78802 115018856.49670985 94798768.70171031 138224657.88784978
"0.2 < z < 0.5" 41987070844.43906 142116408.9188096 116540657.59918855 171538756.83930403
"0.2 < z < 0.5" 47137531341.16729 175705226.33985168 143221311.79862165 213216752.8915321
"0.2 < z < 0.5" 52919787359.58458 217342308.59733889 176028289.0827773 265274519.74801344
"0.2 < z < 0.5" 59411339849.6504 268995889.08969796 216216729.66661918 330233137.9463216
"0.2 < z < 0.5" 66699196630.30115 333055828.5677185 265489100.48462835 411163347.8309302
"0.2 < z < 0.5" 74881038575.9003 412527914.8517558 325920327.205089 512414513.8025693
"0.2 < z < 0.5" 84066528856.18352 511459687.4267019 400832100.1717023 638647689.5170233
"0.2 < z < 0.5" 94378782777.7539 634491931.5766354 493182683.060411 795816923.5061083
"0.2 < z < 0.5" 105956017927.76149 787028835.1067941 606865904.7170267 991476496.9147507
"0.2 < z < 0.5" 118953406737.03207 976074701.4477177 747152657.5243765 1234459192.017232
"0.2 < z < 0.5" 133545156292.99028 1209857439.6511898 920156912.4824888 1535491249.1519356
"0.2 < z < 0.5" 149926843278.6047 1498149808.2415137 1134054579.054856 1907407570.7341616
"0.2 < z < 0.5" 168318035333.0955 1852397812.9019241 1395634767.5734909 2365095367.749999
"0.2 < z < 0.5" 188965233969.12115 2287138163.242712 1714912994.1607747 2926223341.291445
"0.2 < z < 0.5" 212145178491.06363 2816889952.031676 2102214612.9867988 3611850416.074542
"0.2 < z < 0.5" 238168555197.61606 3456775831.4854827 2570893320.685631 4439919547.550487
"0.2 < z < 0.5" 267384161583.9944 4224307473.2219324 3135112272.834863 5429047152.677986
"0.2 < z < 0.5" 300183581357.5592 5138518453.8974495 3807483477.4112597 6591862745.182556
"0.2 < z < 0.5" 337006432927.19385 6216618796.720039 4601539916.326092 7953345137.653808
"0.2 < z < 0.5" 378346261713.1933 7468255571.25927 5537794361.605653 9520665080.76707
"0.2 < z < 0.5" 424757155253.6894 8921185465.649961 6624203025.338573 11309211580.857048
"0.2 < z < 0.5" 476861169771.44745 10571903221.377604 7892008441.295766 13316253298.697308
"0.2 < z < 0.5" 535356667741.0741 12443913141.459497 9337867636.649525 15555122143.491512
"0.2 < z < 0.5" 601027678207.0388 14524378455.36107 10993708321.456366 18003160733.993267
"0.2 < z < 0.5" 674754405311.0686 16820657028.378498 12847401568.648735 20660607278.250538
"0.2 < z < 0.5" 757525025877.192 19338005309.446075 14911845754.810534 23525971959.522717
"0.2 < z < 0.5" 850448934180.2704 22056952779.52821 17207785822.164455 26593657619.90669
"0.2 < z < 0.5" 954771611420.8066 24969416717.52149 19710824225.780224 29843029981.82393
"0.2 < z < 0.5" 1071891319205.1265 28063473355.261017 22421023909.167557 33268918889.821247
"0.2 < z < 0.5" 1203377840777.5906 31331235091.078045 25333986408.33633 36870858714.09593
"0.2 < z < 0.5" 1350993521198.0305 34763316022.62512 28440356136.69377 40629838856.74174
"0.2 < z < 0.5" 1516716888470.924 38348223203.7747 31727277695.227417 44532603951.76579
"0.2 < z < 0.5" 1702769172225.8977 42071888528.47506 35179082727.72839 48559376430.37379
"0.2 < z < 0.5" 1911644075385.7036 45991347898.50203 38778772544.898544 52696093744.23128
"0.2 < z < 0.5" 2146141197858.4102 50044209514.79904 42503741283.178345 57041108816.345764
"0.2 < z < 0.5" 2409403560239.527 54193100588.47762 46365953019.42122 61464713269.204414
"0.2 < z < 0.5" 2704959730463.1313 58471228352.91599 50373388763.93493 65973403208.48025
"0.2 < z < 0.5" 3036771118035.4604 62922723851.98494 54470724152.77666 70708393306.70871
"0.2 < z < 0.5" 3409285069746.8213 67387741851.81906 58680298825.727486 75409385558.44952
"0.2 < z < 0.5" 3827494478516.315 72094349400.65833 63064711158.4508 80426286422.22517
"0.2 < z < 0.5" 4297004704320.835 76846018152.64087 67439982295.48283 85407410380.70804
"0.2 < z < 0.5" 4824108704165.374 81751699981.04019 72024004919.06807 90672058628.99991
"0.2 < z < 0.5" 5415871378079.487 86782526439.70616 76616585438.47476 95917495289.7394
"0.2 < z < 0.5" 6080224261649.427 91906562639.58807 81354690481.2359 101503985138.61038
"0.2 < z < 0.5" 6826071834272.379 97168632484.03842 86141286093.1409 106981765764.10239
"0.2 < z < 0.5" 7663410868007.463 102552721774.74922 91082311048.15547 112985223256.09544
"0.2 < z < 0.5" 8603464416684.526 107967151177.2977 96003471476.3701 118680861321.66148
"0.2 < z < 0.5" 9658832241158.709 113686262499.46834 101184135677.29524 125177957396.70453
"0.2 < z < 0.5" 10843659686896.086 119118869186.95651 106107640044.36931 131384572576.13925
"0.2 < z < 0.5" 12173827277396.621 125307813092.46759 111619161750.7101 138088343859.5239
"0.2 < z < 0.5" 13667163564620.102 131140383829.84323 116813255531.99698 144888872266.65024
"0.2 < z < 0.5" 15343684089300.133 137370182115.76228 122324916447.5367 151629221026.965
"0.2 < z < 0.5" 17225859653987.84 143782299231.7594 127971707513.2764 159202265751.96564
"0.2 < z < 0.5" 19338917504552.32 149777510404.6206 133248890931.14494 166303848257.15088
"0.2 < z < 0.5" 21711179456945.098 156877459508.62674 139451868156.15164 174299790349.41693
"0.2 < z < 0.5" 24374441501222.22 163542527699.6185 145314994236.6756 182340614380.55893
"0.2 < z < 0.5" 27364399970746.664 170179440353.70813 150999525336.83936 190098224638.2356
"0.2 < z < 0.5" 30721129988617.59 177773741117.3396 157558290493.43884 199293369559.66647
"0.2 < z < 0.5" 34489622604057.668 184807885165.91486 163626751686.89966 207839090171.39587
"0.2 < z < 0.5" 38720387818125.57 192128713962.02078 169523969451.47208 216929375293.66266
"0.2 < z < 0.5" 43470131581250.17 200278664444.23672 176491155236.60223 226671022351.64987
"0.2 < z < 0.5" 48802515836544.336 207765511492.73877 182883840361.12204 235640155028.79733
"0.2 < z < 0.5" 54789011795939.56 215671118000.23947 188709036690.0335 246059913275.75385
"0.2 < z < 0.5" 61509857885805.05 224654731813.03635 196358305511.2389 256523667402.66888
"0.2 < z < 0.5" 69055135201623.164 232834453245.29092 203428443043.96747 266058547215.13092
"0.2 < z < 0.5" 77525974886294.64 241274801301.5709 209812463825.40527 277957506663.49817
"0.2 < z < 0.5" 87035913614851.83 251379339015.8938 217505214080.1241 289299792449.9404
"0.2 < z < 0.5" 97712415353465.02 260484189517.82837 225645309721.7013 299510108094.1643
"0.2 < z < 0.5" 109698579789238.62 269355871068.0297 232920356780.33243 313121476910.7417
"0.2 < z < 0.5" 123155060329282.61 281006706541.9412 240199171500.74704 325646726687.62537
"0.2 < z < 0.5" 138262217376465.92 291374699560.0124 249908617089.96677 336760634542.49854
"0.2 < z < 0.5" 155222535742704.8 300719426426.69684 258481054549.2186 352576162612.5149
"0.2 < z < 0.5" 174263338600965.44 314307321037.8489 265964615562.11694 366679527377.93726
"0.5 < z < 0.8" 20970464013.23239 46899404.76247693 38749472.73286247 55371296.71493786
"0.5 < z < 0.8" 23542864143.2242 56119589.56010045 46614382.94045165 65961119.607148625
"0.5 < z < 0.8" 26430814869.741028 67242040.15983419 56060445.262609236 78876967.8827015
"0.5 < z < 0.8" 29673024081.888725 80602831.80366072 67418926.42681587 94657256.67754625
"0.5 < z < 0.8" 33312947879.346836 96909018.62145627 80980967.76969215 113889074.48257376
"0.5 < z < 0.8" 37399373024.78802 116575259.66606098 97458804.35893188 137631958.81572178
"0.5 < z < 0.8" 41987070844.43906 140620217.1375528 117215785.28406125 166612307.772412
"0.5 < z < 0.8" 47137531341.16729 169899270.46182865 141139144.1526659 202254320.0669508
"0.5 < z < 0.8" 52919787359.58458 205518400.72529888 170000826.51533288 246342391.722653
"0.5 < z < 0.8" 59411339849.6504 249508274.39115244 204741665.727308 300458376.0337024
"0.5 < z < 0.8" 66699196630.30115 303196928.5642414 247442363.99409086 367052203.89132184
"0.5 < z < 0.8" 74881038575.9003 368907061.2388672 299567278.57620376 449669587.8426034
"0.5 < z < 0.8" 84066528856.18352 450042959.24582326 363350747.071944 551578248.1348113
"0.5 < z < 0.8" 94378782777.7539 550114870.1721212 442470597.8025585 677179116.5389427
"0.5 < z < 0.8" 105956017927.76149 673580303.4408176 539572721.433458 832185689.5680411
"0.5 < z < 0.8" 118953406737.03207 825860777.9060673 658910713.8969451 1024096298.6436533
"0.5 < z < 0.8" 133545156292.99028 1014903303.4471174 806848863.2771114 1261938388.660183
"0.5 < z < 0.8" 149926843278.6047 1248384191.0335135 989581071.3887291 1555357148.852246
"0.5 < z < 0.8" 168318035333.0955 1536405985.3639674 1214957405.7210705 1916317183.4212685
"0.5 < z < 0.8" 188965233969.12115 1890162644.6725285 1492356506.1687572 2357612495.811116
"0.5 < z < 0.8" 212145178491.06363 2322261026.9323206 1830633959.7243392 2895999866.506141
"0.5 < z < 0.8" 238168555197.61606 2851040868.5403337 2242046797.296551 3549903327.8509645
"0.5 < z < 0.8" 267384161583.9944 3487151550.810474 2737956306.9569135 4335858796.030119
"0.5 < z < 0.8" 300183581357.5592 4246412495.285762 3329669012.9742894 5269403323.0119505
"0.5 < z < 0.8" 337006432927.19385 5145252690.872678 4032565746.385251 6366819913.115981
"0.5 < z < 0.8" 378346261713.1933 6196072866.0623865 4861511516.068159 7631611534.989039
"0.5 < z < 0.8" 424757155253.6894 7402691414.301968 5826521500.122224 9074707719.199001
"0.5 < z < 0.8" 476861169771.44745 8790427024.137331 6951153541.356462 10704055074.197262
"0.5 < z < 0.8" 535356667741.0741 10346083662.840467 8236966330.184106 12524153345.956131
"0.5 < z < 0.8" 601027678207.0388 12090973159.164745 9704982944.433363 14527178762.825602
"0.5 < z < 0.8" 674754405311.0686 14020941269.027678 11358242700.906141 16706725751.120592
"0.5 < z < 0.8" 757525025877.192 16131568595.702276 13189145851.955284 19073568341.39409
"0.5 < z < 0.8" 850448934180.2704 18421552032.37725 15216471478.341017 21610149323.34403
"0.5 < z < 0.8" 954771611420.8066 20889624697.954334 17434301522.330215 24309777541.59608
"0.5 < z < 0.8" 1071891319205.1265 23525897658.09832 19843194402.703686 27173780210.14341
"0.5 < z < 0.8" 1203377840777.5906 26318092838.702625 22439116864.309692 30196633226.24463
"0.5 < z < 0.8" 1350993521198.0305 29270337082.70042 25209937844.740776 33356205729.612663
"0.5 < z < 0.8" 1516716888470.924 32383405087.727543 28141385431.51725 36690401310.22975
"0.5 < z < 0.8" 1702769172225.8977 35651693745.24191 31221296292.959763 40174636118.80921
"0.5 < z < 0.8" 1911644075385.7036 39061351542.68231 34436152681.030815 43785951109.94631
"0.5 < z < 0.8" 2146141197858.4102 42590261107.01782 37767605315.94046 47495287319.34619
"0.5 < z < 0.8" 2409403560239.527 46275854685.46155 41255333510.9955 51404520143.3765
"0.5 < z < 0.8" 2704959730463.1313 50118711471.50741 44896678079.00308 55439347737.33815
"0.5 < z < 0.8" 3036771118035.4604 54034298787.93227 48629920414.56423 59514586977.19115
"0.5 < z < 0.8" 3409285069746.8213 58098948617.580444 52447229593.45117 63891767754.05584
"0.5 < z < 0.8" 3827494478516.315 62324820858.70094 56468810110.15087 68288232676.33073
"0.5 < z < 0.8" 4297004704320.835 66544231889.19206 60515454464.95284 72854193434.96468
"0.5 < z < 0.8" 4824108704165.374 71105255978.77505 64740390830.61012 77570273500.36859
"0.5 < z < 0.8" 5415871378079.487 75585314466.5594 69069519638.9066 82366622597.32393
"0.5 < z < 0.8" 6080224261649.427 80399659311.33032 73462917140.5814 87417405768.88274
"0.5 < z < 0.8" 6826071834272.379 85138578541.22957 78050237663.28027 92499253601.95052
"0.5 < z < 0.8" 7663410868007.463 90230854350.16351 82611835604.14786 97860033548.10602
"0.5 < z < 0.8" 8603464416684.526 95185189967.26291 87429543019.82164 103270976767.06285
"0.5 < z < 0.8" 9658832241158.709 100638137529.59518 92228723432.88344 108876202205.60883
"0.5 < z < 0.8" 10843659686896.086 105777657617.13533 97226315597.42029 114690485614.1343
"0.5 < z < 0.8" 12173827277396.621 111636863789.5599 102341012303.72746 120435289107.89168
"0.5 < z < 0.8" 13667163564620.102 117172827971.53876 107407177965.3073 126799009747.3446
"0.5 < z < 0.8" 15343684089300.133 123191169157.44806 112951393672.08517 132746076923.10402
"0.5 < z < 0.8" 17225859653987.84 129230621462.01181 118117769536.39673 139595156377.3702
"0.5 < z < 0.8" 19338917504552.32 135208317033.54587 124003460425.68166 146179506293.75162
"0.5 < z < 0.8" 21711179456945.098 141912999470.7148 129679366214.28523 153019743532.52005
"0.5 < z < 0.8" 24374441501222.22 148110424871.53168 135355668755.9789 160466401020.99832
"0.5 < z < 0.8" 27364399970746.664 155148940369.7602 141754793674.76437 167327186552.0204
"0.5 < z < 0.8" 30721129988617.59 162207386311.39572 147627988749.08865 175581948757.3625
"0.5 < z < 0.8" 34489622604057.668 168788330105.0581 154174487787.04642 183500226480.10178
"0.5 < z < 0.8" 38720387818125.57 176943047809.89664 160973831634.59222 191429597373.81314
"0.5 < z < 0.8" 43470131581250.17 184367666327.33466 167141174599.08282 200699021366.21228
"0.5 < z < 0.8" 48802515836544.336 192019757899.36655 174703380987.27188 209109895422.5651
"0.5 < z < 0.8" 54789011795939.56 200812441191.9567 182019706351.60944 218729882471.1216
"0.5 < z < 0.8" 61509857885805.05 208709527981.81027 188567954094.9984 228641791007.9314
"0.5 < z < 0.8" 69055135201623.164 217642793002.39697 197238723606.37885 237501028672.17984
"0.5 < z < 0.8" 77525974886294.64 227233406497.39087 205147260830.64175 249132418013.105
"0.5 < z < 0.8" 87035913614851.83 235711001958.6736 212113433888.59665 259779188049.96146
"0.5 < z < 0.8" 97712415353465.02 246213758591.5678 222072629158.23624 270162953442.6745
"0.5 < z < 0.8" 109698579789238.62 256765822240.8362 230814322365.91257 283233686534.1894
"0.5 < z < 0.8" 123155060329282.61 265915252203.078 238523555161.90433 294621967947.97943
"0.5 < z < 0.8" 138262217376465.92 278377295120.64166 249963094959.35754 307369616216.15704
"0.5 < z < 0.8" 155222535742704.8 289999222548.69946 259780682916.18994 321682338418.26404
"0.5 < z < 0.8" 174263338600965.44 299837761752.03766 268664413352.5384 333849547188.7857
"0.5 < z < 0.8" 195639834351706.47 314897092860.2275 281625420820.5408 349840750584.9692
"0.5 < z < 0.8" 219638537241655.16 327760382882.44464 292455915632.6375 365433853808.51575
"0.5 < z < 0.8" 246581107582260.38 339658549630.42523 302565167369.6261 378288010868.4178
"0.5 < z < 0.8" 276828663039207.22 356984034215.8591 317544352678.31244 398781319367.078
"0.5 < z < 0.8" 310786618778201.4 371010325481.1753 329655794299.48175 415463616527.74994
"0.5 < z < 0.8" 348910121340678.06 386592069679.486 342070015190.9897 433131731255.134
"0.5 < z < 0.8" 391710149080926.06 405780042678.07605 359245789927.0777 455367523712.85364
"0.5 < z < 0.8" 439760360930273.0 420642047167.6526 372555615772.06305 472614511646.4132
"0.8 < z < 1.1" 26430814869.741028 63761762.49132151 50365294.170347825 77551025.14093588
"0.8 < z < 1.1" 29673024081.888725 81797757.68302819 64889557.02121164 99122049.47282045
"0.8 < z < 1.1" 33312947879.346836 104890494.56878366 83486614.15734106 126880721.94302644
"0.8 < z < 1.1" 37399373024.78802 134353126.1254461 107150352.85077167 162556987.8507031
"0.8 < z < 1.1" 41987070844.43906 172015157.17774767 137181435.5329701 208465266.50787365
"0.8 < z < 1.1" 47137531341.16729 220132414.0710555 175211198.32718766 267193478.78406888
"0.8 < z < 1.1" 52919787359.58458 281290338.23197246 223423254.25641307 341721821.6045515
"0.8 < z < 1.1" 59411339849.6504 358780122.7132625 284505336.39341414 436247683.396306
"0.8 < z < 1.1" 66699196630.30115 456680123.98239756 361649289.9772215 555870396.921371
"0.8 < z < 1.1" 74881038575.9003 579604441.5028299 458669730.72604287 706636167.2063688
"0.8 < z < 1.1" 84066528856.18352 733237371.9487848 579944344.553219 895246981.720686
