SMF_fits.ecsv
# %ECSV 1.0
# ---
# datatype:
# - {name: Redshift, datatype: string}
# - {name: M_star, unit: solMass, datatype: float64}
# - {name: Phi, unit: 1 / (dex Mpc3), datatype: float64}
# - {name: Phi_16, unit: 1 / (dex Mpc3), datatype: float64}
# - {name: Phi_84, unit: 1 / (dex Mpc3), datatype: float64}
# meta: !!omap
# - cosmology: {H0: 70.0, Omega_lambda: 0.7, Omega_m: 0.3}
# - {IMF: Chabrier03}
# - {Best fit z<3.5: Double Schecter}
# - {Best fit 3.5z<5.5: Single Schecter}
# - {Best fit z>5.5: Double Power Law}
# schema: astropy-2.0
Redshift M_star Phi Phi_16 Phi_84
[from data line 1137]
"6.5 < z < 7.5" 9.242424242424242 0.00016546051653988685 0.0001348674756925955 0.00019669125103840204
"6.5 < z < 7.5" 9.303030303030303 0.00014269676935746282 0.0001161201627395868 0.00016903983450037403
"6.5 < z < 7.5" 9.363636363636363 0.00012280685800271232 0.0001007297196306427 0.0001462943951710559
"6.5 < z < 7.5" 9.424242424242424 0.00010559234017613195 8.738136967680739e-05 0.0001256422731555851
"6.5 < z < 7.5" 9.484848484848484 9.084240796809729e-05 7.569708181648871e-05 0.00010773894543738831
"6.5 < z < 7.5" 9.545454545454545 7.789550498980166e-05 6.525170835410232e-05 9.240101318799185e-05
"6.5 < z < 7.5" 9.606060606060606 6.700584094571938e-05 5.590996257842028e-05 7.876546204272324e-05
"6.5 < z < 7.5" 9.666666666666668 5.731007099510285e-05 4.790897552952859e-05 6.747542705093829e-05
"6.5 < z < 7.5" 9.727272727272727 4.903100108460048e-05 4.111856532508217e-05 5.7556098340151956e-05
"6.5 < z < 7.5" 9.787878787878789 4.183946751373756e-05 3.4767067990125365e-05 4.9070839588533994e-05
"6.5 < z < 7.5" 9.848484848484848 3.558079824107136e-05 2.957934251216126e-05 4.202986672689387e-05
"6.5 < z < 7.5" 9.90909090909091 2.9989378647203036e-05 2.4928432631067838e-05 3.585360510076231e-05
"6.5 < z < 7.5" 9.969696969696969 2.5364603840678394e-05 2.0690368176212997e-05 3.038873700030228e-05
"6.5 < z < 7.5" 10.030303030303031 2.133948162722819e-05 1.6917131564495674e-05 2.5527704609693564e-05
"6.5 < z < 7.5" 10.09090909090909 1.786563658685868e-05 1.3535603276303785e-05 2.1414436576105832e-05
"6.5 < z < 7.5" 10.151515151515152 1.4774276786525036e-05 1.0418378935478049e-05 1.807048652315639e-05
"6.5 < z < 7.5" 10.212121212121213 1.22855114895358e-05 7.461132717854487e-06 1.540249797218129e-05
"6.5 < z < 7.5" 10.272727272727273 1.0112714719850632e-05 5.006328150417486e-06 1.3001647161975386e-05
"6.5 < z < 7.5" 10.333333333333334 8.297802941807514e-06 3.3322719480967123e-06 1.1023278370188548e-05
"6.5 < z < 7.5" 10.393939393939394 6.722655065367015e-06 2.18770619750593e-06 9.348298940819062e-06
"6.5 < z < 7.5" 10.454545454545455 5.472574023500499e-06 1.3471593519932677e-06 8.042065165037497e-06
"6.5 < z < 7.5" 10.515151515151516 4.377744811535702e-06 8.210284867357516e-07 6.898126979176167e-06
"6.5 < z < 7.5" 10.575757575757576 3.5223669276371356e-06 4.211469719340544e-07 5.915300960800003e-06
"6.5 < z < 7.5" 10.636363636363637 2.847498779348187e-06 2.4052796247162865e-07 5.06775065297674e-06
"6.5 < z < 7.5" 10.696969696969697 2.2944711789745373e-06 1.353554534384714e-07 4.344236586937504e-06
"6.5 < z < 7.5" 10.757575757575758 1.7884894983868896e-06 7.672475196683936e-08 3.7301473709461262e-06
"6.5 < z < 7.5" 10.818181818181818 1.439786111354971e-06 4.122576857415412e-08 3.193135498066328e-06
"6.5 < z < 7.5" 10.878787878787879 1.169759279133887e-06 2.0808838948878276e-08 2.7478391507664607e-06
"6.5 < z < 7.5" 10.93939393939394 8.980173269861275e-07 1.0555695103723192e-08 2.3409311889322122e-06
"6.5 < z < 7.5" 11.0 6.885487761666598e-07 5.3200789609188504e-09 1.972185955581821e-06
"6.5 < z < 7.5" 11.06060606060606 5.46914555926087e-07 2.6765854170045487e-09 1.6791038586027615e-06
"6.5 < z < 7.5" 11.121212121212121 4.199062719240253e-07 1.164390743755154e-09 1.3999393579149695e-06
"6.5 < z < 7.5" 11.181818181818182 3.1743585941691277e-07 6.424445572366647e-10 1.1783814979943442e-06
"6.5 < z < 7.5" 11.242424242424242 2.3657542763500898e-07 3.441164096628278e-10 9.71865302586295e-07
"6.5 < z < 7.5" 11.303030303030303 1.737388281693814e-07 1.660624307774954e-10 8.137920416145593e-07
"6.5 < z < 7.5" 11.363636363636363 1.2299132660251694e-07 7.915308644026349e-11 6.745487515325752e-07
"6.5 < z < 7.5" 11.424242424242426 8.879211607637874e-08 3.9106934867746754e-11 5.606967721826814e-07
"6.5 < z < 7.5" 11.484848484848484 5.98854295511238e-08 2.0419286759728454e-11 4.6276617412862095e-07
"6.5 < z < 7.5" 11.545454545454547 4.2420680960989905e-08 1.0763435546340258e-11 3.799292508693968e-07
"6.5 < z < 7.5" 11.606060606060606 3.125271422214512e-08 5.948443410056187e-12 3.1044824537511623e-07
"6.5 < z < 7.5" 11.666666666666668 2.3311284999149047e-08 3.304939241022434e-12 2.5004402491785323e-07
"6.5 < z < 7.5" 11.727272727272727 1.5306596205106414e-08 1.7927574931612963e-12 1.948293798855337e-07
"6.5 < z < 7.5" 11.787878787878789 1.0502503826347053e-08 9.169471698655946e-13 1.5505990611432403e-07
"6.5 < z < 7.5" 11.848484848484848 6.0903195409293496e-09 4.689687901484621e-13 1.292028472864455e-07
"6.5 < z < 7.5" 11.90909090909091 4.447916269772881e-09 2.5404267220666795e-13 1.0484406417638021e-07
"6.5 < z < 7.5" 11.969696969696969 2.8894028395304437e-09 1.2503937750109545e-13 8.610467862213989e-08
"6.5 < z < 7.5" 12.030303030303031 1.911388212447497e-09 6.505012021484691e-14 6.858323463634826e-08
"6.5 < z < 7.5" 12.09090909090909 1.3040290003769216e-09 3.3083945346401205e-14 5.5359112399024346e-08
"6.5 < z < 7.5" 12.151515151515152 8.559714149014665e-10 1.6450080107995317e-14 4.487518495738423e-08
"6.5 < z < 7.5" 12.212121212121211 5.744003594647953e-10 8.568540946517298e-15 3.599579215002402e-08
"6.5 < z < 7.5" 12.272727272727273 3.4517422419431927e-10 4.4644918558602975e-15 2.916306932171671e-08
"6.5 < z < 7.5" 12.333333333333334 1.93073429980242e-10 2.3283916728319866e-15 2.373027993636824e-08
"6.5 < z < 7.5" 12.393939393939394 1.2877891231335986e-10 1.112873100138591e-15 1.9683230955070357e-08
"6.5 < z < 7.5" 12.454545454545455 8.430887559853739e-11 5.279100570002876e-16 1.60176831781413e-08
"6.5 < z < 7.5" 12.515151515151516 5.549284858936356e-11 2.7170201515064767e-16 1.3097732710920278e-08
"6.5 < z < 7.5" 12.575757575757576 3.4574124982268756e-11 1.3765695990594457e-16 1.036030333585697e-08
"6.5 < z < 7.5" 12.636363636363637 2.416153557181903e-11 7.137449522077808e-17 8.581496355752923e-09
"6.5 < z < 7.5" 12.696969696969697 1.6696376577017123e-11 2.9597188509856526e-17 6.814978056803086e-09
"6.5 < z < 7.5" 12.757575757575758 1.0808130024225794e-11 1.3704288152467115e-17 5.669831862822789e-09
"6.5 < z < 7.5" 12.818181818181818 7.068526702186527e-12 4.970782158638829e-18 4.6364333534556795e-09
"6.5 < z < 7.5" 12.878787878787879 4.865331551975119e-12 2.1468398207028295e-18 3.799315689834443e-09
"6.5 < z < 7.5" 12.93939393939394 3.4039280463625412e-12 8.610879276799824e-19 3.154400508183431e-09
"6.5 < z < 7.5" 13.0 2.2912665128539656e-12 4.092140860798674e-19 2.6187249578396383e-09
"7.5 < z < 8.5" 7.0 0.02552979433353823 0.020081224542288518 0.03178453680750093
"7.5 < z < 8.5" 7.0606060606060606 0.02220435919012481 0.017465508680572634 0.027643890115746958
"7.5 < z < 8.5" 7.121212121212121 0.019312292367338953 0.015190671747733149 0.024020501079424203
"7.5 < z < 8.5" 7.181818181818182 0.01679680809533087 0.013212047293162407 0.0208686434535607
"7.5 < z < 8.5" 7.242424242424242 0.01460898217760706 0.011491152627536904 0.018136329816719036
"7.5 < z < 8.5" 7.303030303030303 0.01270617412735665 0.009994447708966242 0.015774091624815106
"7.5 < z < 8.5" 7.363636363636363 0.01105109968999164 0.008691787079266464 0.013719402725459242
"7.5 < z < 8.5" 7.424242424242424 0.009611741588792633 0.007558681044474154 0.011924949615962155
"7.5 < z < 8.5" 7.484848484848484 0.008359463310105274 0.0065713168344770315 0.010356455300658455
"7.5 < z < 8.5" 7.545454545454545 0.00726563272995311 0.005705900428508726 0.00900759498988755
"7.5 < z < 8.5" 7.606060606060606 0.006319172741094103 0.004953616187359014 0.007832792078767976
"7.5 < z < 8.5" 7.666666666666667 0.005496189951134705 0.004304793219734057 0.006802693938465254
"7.5 < z < 8.5" 7.7272727272727275 0.004780200826948026 0.0037436788898767767 0.0059044446723457945
"7.5 < z < 8.5" 7.787878787878788 0.004157665315612346 0.003256135166349688 0.00512386874698767
"7.5 < z < 8.5" 7.848484848484849 0.0036160245567984682 0.0028293964311595214 0.004454350753353634
"7.5 < z < 8.5" 7.909090909090909 0.0031405517010008035 0.0024570310467261756 0.003868974015957375
"7.5 < z < 8.5" 7.96969696969697 0.0027271886029722092 0.0021369240065614034 0.0033598163452338878
"7.5 < z < 8.5" 8.030303030303031 0.0023699392009759583 0.0018582818541982348 0.0029087899924324723
"7.5 < z < 8.5" 8.09090909090909 0.0020610275153751982 0.0016160028433189154 0.002526000844553065
"7.5 < z < 8.5" 8.151515151515152 0.0017924699994010995 0.0014053570440355624 0.002195730685146622
"7.5 < z < 8.5" 8.212121212121213 0.0015582309384585174 0.0012221203312497752 0.0019093421406914239
"7.5 < z < 8.5" 8.272727272727273 0.001353974845195763 0.001061584098861091 0.0016595278480968723
"7.5 < z < 8.5" 8.333333333333334 0.0011740134966443689 0.0009232582459091274 0.001441178492877437
"7.5 < z < 8.5" 8.393939393939394 0.0010188264987806112 0.0008030387829605215 0.0012504537407821035
"7.5 < z < 8.5" 8.454545454545455 0.0008857219401515301 0.0006981978738908669 0.0010815684499543956
"7.5 < z < 8.5" 8.515151515151516 0.0007679218987635906 0.0006071394944391459 0.0009377372367147244
"7.5 < z < 8.5" 8.575757575757576 0.0006661829795419377 0.0005277980980618398 0.0008111138885815576
"7.5 < z < 8.5" 8.636363636363637 0.0005791202058691031 0.00045881063640627315 0.000703032182492877
"7.5 < z < 8.5" 8.696969696969697 0.0005031741314208411 0.0003963244137448998 0.0006100639703352287
"7.5 < z < 8.5" 8.757575757575758 0.00043522412389502527 0.00034405289246510363 0.0005282521790192603
"7.5 < z < 8.5" 8.818181818181818 0.0003757548256551259 0.0002970437973059242 0.00045313722273007087
"7.5 < z < 8.5" 8.878787878787879 0.0003239007050534874 0.0002566326402735759 0.00039168385577673874
"7.5 < z < 8.5" 8.93939393939394 0.00027983903017811634 0.0002208839419359854 0.000339737750936444
"7.5 < z < 8.5" 9.0 0.00024164669976208975 0.00019047447590768863 0.0002936183148138922
"7.5 < z < 8.5" 9.06060606060606 0.0002078954010905428 0.0001641955006445352 0.00025325024927240556
"7.5 < z < 8.5" 9.121212121212121 0.00017868579003456336 0.00014038918309475958 0.0002194612061450482
"7.5 < z < 8.5" 9.181818181818182 0.0001538817644487288 0.00012093187613248787 0.00018960776828190484
"7.5 < z < 8.5" 9.242424242424242 0.0001327174560702569 0.00010393607652990718 0.00016247514306595216
"7.5 < z < 8.5" 9.303030303030303 0.00011360923914140622 8.751422967925012e-05 0.000140380412801838
"7.5 < z < 8.5" 9.363636363636363 9.703347926604547e-05 7.391313583142537e-05 0.00011988719484171061
"7.5 < z < 8.5" 9.424242424242424 8.213211590673554e-05 6.21605767322126e-05 0.00010255512366946494
"7.5 < z < 8.5" 9.484848484848484 6.959084943232297e-05 5.21536790031143e-05 8.67442058034219e-05
"7.5 < z < 8.5" 9.545454545454545 5.872716223407963e-05 4.315238720635803e-05 7.319230554006525e-05
"7.5 < z < 8.5" 9.606060606060606 4.8229167160257e-05 3.4643854796818343e-05 6.06646874422903e-05
"7.5 < z < 8.5" 9.666666666666668 3.864070232827737e-05 2.80619116385718e-05 5.005221069004297e-05
"7.5 < z < 8.5" 9.727272727272727 3.078581666403586e-05 2.1334329936247752e-05 4.099492279709267e-05
"7.5 < z < 8.5" 9.787878787878789 2.4088187720520915e-05 1.561324146528308e-05 3.310278045298917e-05
"7.5 < z < 8.5" 9.848484848484848 1.8371285244176082e-05 1.0678644294330354e-05 2.5859386693978546e-05
"7.5 < z < 8.5" 9.90909090909091 1.3577637387304868e-05 6.737893722307546e-06 1.9709608046148734e-05
"7.5 < z < 8.5" 9.969696969696969 9.85872473756657e-06 3.789313006719955e-06 1.5095433815585489e-05
"7.5 < z < 8.5" 10.030303030303031 6.736728780333036e-06 2.06220939588701e-06 1.1487829695226159e-05
"7.5 < z < 8.5" 10.09090909090909 4.496625569845053e-06 1.0360347243904867e-06 8.512087116742488e-06
"7.5 < z < 8.5" 10.151515151515152 2.863056003184261e-06 4.86386179173346e-07 6.402737104762587e-06
"7.5 < z < 8.5" 10.212121212121213 1.769051061264454e-06 2.0796821242398885e-07 4.917518298976265e-06
"7.5 < z < 8.5" 10.272727272727273 1.0610022266859255e-06 9.262567871437567e-08 3.810122757607806e-06
"7.5 < z < 8.5" 10.333333333333334 6.21060259568766e-07 4.269475037721646e-08 2.8959611433869522e-06
"7.5 < z < 8.5" 10.393939393939394 3.542919082967558e-07 1.7416250649264315e-08 2.1697786070460426e-06
"7.5 < z < 8.5" 10.454545454545455 1.9790499578284898e-07 7.256992377570964e-09 1.6580079448540219e-06
"7.5 < z < 8.5" 10.515151515151516 1.1858930021576357e-07 3.11904082903138e-09 1.2345025752034435e-06
"7.5 < z < 8.5" 10.575757575757576 7.146794258219694e-08 1.1832162118339778e-09 9.29587687221687e-07
"7.5 < z < 8.5" 10.636363636363637 4.2373397773110445e-08 4.955226038449316e-10 6.991095549493499e-07
"7.5 < z < 8.5" 10.696969696969697 2.4968183293600232e-08 1.8336198460490553e-10 5.078315015277754e-07
"7.5 < z < 8.5" 10.757575757575758 1.3888373924527847e-08 7.458919808646324e-11 3.821843539775073e-07
"7.5 < z < 8.5" 10.818181818181818 8.104436401574065e-09 2.949130063488302e-11 2.9081550428663526e-07
"7.5 < z < 8.5" 10.878787878787879 4.593938248625134e-09 1.1152592283499786e-11 2.1063328758925066e-07
"7.5 < z < 8.5" 10.93939393939394 2.7019116058430396e-09 4.236094156959121e-12 1.5524052994757085e-07
"7.5 < z < 8.5" 11.0 1.6228901349909557e-09 1.7050510067342368e-12 1.160641549352783e-07
"7.5 < z < 8.5" 11.06060606060606 9.635109159602156e-10 6.773792785329037e-13 8.769014276883733e-08
"7.5 < z < 8.5" 11.121212121212121 5.656386922642792e-10 2.7406316975431203e-13 6.472090186847074e-08
"7.5 < z < 8.5" 11.181818181818182 3.1852101385440663e-10 1.1565116973535382e-13 4.630479710083988e-08
"7.5 < z < 8.5" 11.242424242424242 1.8275638515270199e-10 4.395430791407219e-14 3.391912126331691e-08
"7.5 < z < 8.5" 11.303030303030303 1.0935146398874921e-10 1.6872655052023083e-14 2.556177690195809e-08
"7.5 < z < 8.5" 11.363636363636363 6.39991958699378e-11 6.5129958121042035e-15 1.9046394457665617e-08
"7.5 < z < 8.5" 11.424242424242426 3.6115747628848675e-11 2.5168251291506666e-15 1.3963239851343552e-08
"7.5 < z < 8.5" 11.484848484848484 2.086165681777069e-11 9.665439034062547e-16 1.0083826226961112e-08
"7.5 < z < 8.5" 11.545454545454547 1.190165480113728e-11 3.688362863467584e-16 7.283063603127722e-09
"7.5 < z < 8.5" 11.606060606060606 6.998770793939352e-12 1.444733382735115e-16 5.272145342959992e-09
"7.5 < z < 8.5" 11.666666666666668 4.1786029945446785e-12 5.784108257999224e-17 3.887085067489342e-09
"7.5 < z < 8.5" 11.727272727272727 2.524865779628166e-12 2.3727364577928403e-17 2.9624520173909807e-09
"7.5 < z < 8.5" 11.787878787878789 1.5197154088561043e-12 9.57921827385968e-18 2.1809038392724888e-09
"7.5 < z < 8.5" 11.848484848484848 8.906873398922e-13 3.727930044747971e-18 1.5991537798798887e-09
"7.5 < z < 8.5" 11.90909090909091 5.184805985752833e-13 1.3625541399658373e-18 1.1720760418901694e-09
"7.5 < z < 8.5" 11.969696969696969 2.990965357738003e-13 5.505593686604056e-19 8.597066181773146e-10
"7.5 < z < 8.5" 12.030303030303031 1.7590816699741873e-13 2.367763023495749e-19 6.297373785257506e-10
"7.5 < z < 8.5" 12.09090909090909 9.954432399969323e-14 1.0133265909283293e-19 4.614841444458739e-10
"7.5 < z < 8.5" 12.151515151515152 5.199864108228769e-14 3.922312414111389e-20 3.3811450961010673e-10
"7.5 < z < 8.5" 12.212121212121211 2.9626832412048176e-14 1.540004875129052e-20 2.4414536949471614e-10
"7.5 < z < 8.5" 12.272727272727273 1.777738669331486e-14 6.347828922005298e-21 1.7977076360309697e-10
"7.5 < z < 8.5" 12.333333333333334 1.0683211973556962e-14 2.6884507182192302e-21 1.3281892343512719e-10
"7.5 < z < 8.5" 12.393939393939394 6.290920030273012e-15 1.1372942007735138e-21 9.82764643961059e-11
"7.5 < z < 8.5" 12.454545454545455 3.673110088558437e-15 4.442713667209329e-22 7.361737905931236e-11
"7.5 < z < 8.5" 12.515151515151516 2.147823266101831e-15 1.7949624938768267e-22 5.501913344300681e-11
"7.5 < z < 8.5" 12.575757575757576 1.2720243903585508e-15 7.344638031302301e-23 4.073530243661803e-11
"7.5 < z < 8.5" 12.636363636363637 7.533085442453561e-16 2.995195781986359e-23 2.914764153537592e-11
"7.5 < z < 8.5" 12.696969696969697 4.462548553932196e-16 1.2274389540614116e-23 2.1480628529832363e-11
