SMF_fits.ecsv
# %ECSV 1.0
# ---
# datatype:
# - {name: Redshift, datatype: string}
# - {name: M_star, unit: solMass, datatype: float64}
# - {name: Phi, unit: 1 / (dex Mpc3), datatype: float64}
# - {name: Phi_16, unit: 1 / (dex Mpc3), datatype: float64}
# - {name: Phi_84, unit: 1 / (dex Mpc3), datatype: float64}
# meta: !!omap
# - cosmology: {H0: 70.0, Omega_lambda: 0.7, Omega_m: 0.3}
# - {IMF: Chabrier03}
# - {Best fit z<3.5: Double Schecter}
# - {Best fit 3.5z<5.5: Single Schecter}
# - {Best fit z>5.5: Double Power Law}
# schema: astropy-2.0
Redshift M_star Phi Phi_16 Phi_84
[from data line 491]
"1.5 < z < 2.0" 12.515151515151516 1.883225440206006e-33 6.4889810984858215e-43 3.693919833961053e-26
"1.5 < z < 2.0" 12.575757575757576 3.854087095040715e-38 3.1335475048367782e-49 1.3191473357647626e-29
"1.5 < z < 2.0" 12.636363636363637 1.794435041666924e-43 2.514346412820336e-56 1.5566910338983414e-33
"1.5 < z < 2.0" 12.696969696969697 9.021424092166031e-50 8.178245674276543e-65 4.0491302771615703e-38
"1.5 < z < 2.0" 12.757575757575758 1.0602386511150874e-56 4.869266309797787e-74 2.4668424366030853e-43
"1.5 < z < 2.0" 12.818181818181818 4.884342052422568e-65 2.5762898665774996e-85 2.019574753337525e-49
"1.5 < z < 2.0" 12.878787878787879 5.070435307978802e-74 2.1195101404376348e-97 3.591239769273628e-56
"1.5 < z < 2.0" 12.93939393939394 4.9390293590070483e-85 1.4237061518429803e-112 2.587764711530746e-64
"1.5 < z < 2.0" 13.0 8.225157310044743e-97 2.0212600133474325e-128 4.149722936584206e-73
"2.0 < z < 2.5" 7.0 0.061198954558130826 0.048085497805217564 0.07875512681283284
"2.0 < z < 2.5" 7.0606060606060606 0.0568109350985971 0.04493123477746531 0.07262937641386699
"2.0 < z < 2.5" 7.121212121212121 0.052703431915315964 0.042018281287776134 0.06690582483196114
"2.0 < z < 2.5" 7.181818181818182 0.04901776519656417 0.039299411788851234 0.06154645845740398
"2.0 < z < 2.5" 7.242424242424242 0.04554551582602191 0.03676208643357342 0.05662386590419381
"2.0 < z < 2.5" 7.303030303030303 0.04228464979876328 0.034397009021382985 0.05207814784216818
"2.0 < z < 2.5" 7.363636363636363 0.03924406018647431 0.03214022672019233 0.04799316648736684
"2.0 < z < 2.5" 7.424242424242424 0.03644547905046495 0.030014929869030565 0.04426491037315337
"2.0 < z < 2.5" 7.484848484848484 0.033794274671061934 0.028018878261134635 0.04081627507984361
"2.0 < z < 2.5" 7.545454545454545 0.03137884589740319 0.02614391310589823 0.037512543709939006
"2.0 < z < 2.5" 7.606060606060606 0.029108201475125852 0.024397849070889245 0.03448837653877792
"2.0 < z < 2.5" 7.666666666666667 0.026997263584920085 0.02278291297440643 0.03176048211049829
"2.0 < z < 2.5" 7.7272727272727275 0.025038460882080785 0.021247460642667085 0.029322987816842155
"2.0 < z < 2.5" 7.787878787878788 0.023227482393973455 0.019824619019387615 0.02698615147281683
"2.0 < z < 2.5" 7.848484848484849 0.021567765248170747 0.018495901534162803 0.02482957632363372
"2.0 < z < 2.5" 7.909090909090909 0.01998708051475985 0.01725700546547642 0.022852437676189528
"2.0 < z < 2.5" 7.96969696969697 0.01854793965603056 0.016099627867069907 0.021031705415921403
"2.0 < z < 2.5" 8.030303030303031 0.01718788471949248 0.015020068362028955 0.019398239623660187
"2.0 < z < 2.5" 8.09090909090909 0.01591133138465146 0.01401181785908108 0.017891071643571906
"2.0 < z < 2.5" 8.151515151515152 0.01478118899569008 0.01304848344613658 0.01648283821467644
"2.0 < z < 2.5" 8.212121212121213 0.013728356244908351 0.012184208697630806 0.015215280545347747
"2.0 < z < 2.5" 8.272727272727273 0.012737486832546965 0.01135377694910395 0.014047190243317763
"2.0 < z < 2.5" 8.333333333333334 0.011785586988821303 0.010578557323174276 0.012958019561578136
"2.0 < z < 2.5" 8.393939393939394 0.010905760349857702 0.009860388012315301 0.01196419042864268
"2.0 < z < 2.5" 8.454545454545455 0.010124396297480931 0.00919950080152672 0.011058904988723535
"2.0 < z < 2.5" 8.515151515151516 0.00941251591750283 0.008563385430090956 0.01023271010500316
"2.0 < z < 2.5" 8.575757575757576 0.008729841063589143 0.007986722006234834 0.009450508037300697
"2.0 < z < 2.5" 8.636363636363637 0.008096993395592925 0.007442329750842491 0.008771222744289035
"2.0 < z < 2.5" 8.696969696969697 0.007504326220932986 0.006910072797307025 0.008098000734082582
"2.0 < z < 2.5" 8.757575757575758 0.006962907119329125 0.00641705306426213 0.007513760158074146
"2.0 < z < 2.5" 8.818181818181818 0.006462370128514229 0.0059753256423141655 0.006975254574224632
"2.0 < z < 2.5" 8.878787878787879 0.006000567396381945 0.005543324483197567 0.0064824328877277765
"2.0 < z < 2.5" 8.93939393939394 0.005569275270372523 0.005153238966917456 0.00601624345752447
"2.0 < z < 2.5" 9.0 0.005176464964171153 0.004785310273457649 0.005589306925699031
"2.0 < z < 2.5" 9.06060606060606 0.00481619006840011 0.004443852084713438 0.005193319896963558
"2.0 < z < 2.5" 9.121212121212121 0.004480802164616139 0.0041320251031075885 0.004828904761788535
"2.0 < z < 2.5" 9.181818181818182 0.004169232044098325 0.0038256274346320403 0.004486403688083187
"2.0 < z < 2.5" 9.242424242424242 0.003879672019322368 0.003556340880817727 0.0041733977500860294
"2.0 < z < 2.5" 9.303030303030303 0.00360535602952244 0.003304249931013624 0.003882761395714548
"2.0 < z < 2.5" 9.363636363636363 0.003351593013540855 0.003078809229130646 0.0036185987965465685
"2.0 < z < 2.5" 9.424242424242424 0.0031242495405995304 0.0028627548488337983 0.003374581390073494
"2.0 < z < 2.5" 9.484848484848484 0.0029121122002996698 0.002656219776921025 0.0031467184518646145
"2.0 < z < 2.5" 9.545454545454545 0.002709800080876266 0.0024650422120673938 0.0029321171750314374
"2.0 < z < 2.5" 9.606060606060606 0.0025234468490127533 0.0022954909214822016 0.0027344157973247536
"2.0 < z < 2.5" 9.666666666666668 0.002348689954775606 0.002138529253200265 0.002555825547477514
"2.0 < z < 2.5" 9.727272727272727 0.002191132284710114 0.00199549485195815 0.002395009422992829
"2.0 < z < 2.5" 9.787878787878789 0.002039132685312312 0.0018515182910439842 0.0022336447240882073
"2.0 < z < 2.5" 9.848484848484848 0.0019027914841665845 0.0017224321128662438 0.0020865791551115337
"2.0 < z < 2.5" 9.90909090909091 0.0017780929327267814 0.0015981692608009444 0.0019523696832577922
"2.0 < z < 2.5" 9.969696969696969 0.001659361756527925 0.001487666996983177 0.0018262428098350565
"2.0 < z < 2.5" 10.030303030303031 0.0015492146909042897 0.0013872702152672224 0.0017084467245884367
"2.0 < z < 2.5" 10.09090909090909 0.001449305454492524 0.0012882361721910918 0.0015985226760530384
"2.0 < z < 2.5" 10.151515151515152 0.0013502960477096055 0.00120114697783936 0.0014967016966777776
"2.0 < z < 2.5" 10.212121212121213 0.0012604601247739853 0.001119523210831628 0.0014010505903244096
"2.0 < z < 2.5" 10.272727272727273 0.0011748202856170765 0.0010429695645098667 0.0013083526060562328
"2.0 < z < 2.5" 10.333333333333334 0.001096525303038086 0.0009726720960311695 0.0012191619381409034
"2.0 < z < 2.5" 10.393939393939394 0.00102099760796798 0.0009066967647933505 0.0011356549750136107
"2.0 < z < 2.5" 10.454545454545455 0.0009466202257524156 0.0008442382182020214 0.0010537997079648734
"2.0 < z < 2.5" 10.515151515151516 0.0008759315075355524 0.0007805900794654439 0.0009739428176787724
"2.0 < z < 2.5" 10.575757575757576 0.000803306316444337 0.0007201473795218387 0.0008980582006033905
"2.0 < z < 2.5" 10.636363636363637 0.000731331246295429 0.000655300658822854 0.0008243321020500374
"2.0 < z < 2.5" 10.696969696969697 0.0006613802877275608 0.0005907182967580223 0.0007453368789157051
"2.0 < z < 2.5" 10.757575757575758 0.0005899532239996717 0.0005264052202205844 0.0006652604169444945
"2.0 < z < 2.5" 10.818181818181818 0.0005163880285174509 0.0004572764642753151 0.000586944770744469
"2.0 < z < 2.5" 10.878787878787879 0.0004438868190365697 0.0003899165046938836 0.0005113917989296907
"2.0 < z < 2.5" 10.93939393939394 0.00037363522616500056 0.00032464108724014054 0.0004336545985616688
"2.0 < z < 2.5" 11.0 0.00030528068763560715 0.000263687611176113 0.0003563679282493123
"2.0 < z < 2.5" 11.06060606060606 0.00024259118284004945 0.00020579378657510408 0.0002827230189455194
"2.0 < z < 2.5" 11.121212121212121 0.0001855114009945471 0.00015332628216687216 0.0002166536188268787
"2.0 < z < 2.5" 11.181818181818182 0.0001356888069876992 0.00010874231386879486 0.0001600146610627772
"2.0 < z < 2.5" 11.242424242424242 9.385400559990823e-05 7.287276910643512e-05 0.00011325542898567839
"2.0 < z < 2.5" 11.303030303030303 6.112858116184062e-05 4.502061711811656e-05 7.561902354143171e-05
"2.0 < z < 2.5" 11.363636363636363 3.6546807288875945e-05 2.4749190483829413e-05 4.782472651239944e-05
"2.0 < z < 2.5" 11.424242424242426 2.0190380867660464e-05 1.253038794703903e-05 2.8880512094141212e-05
"2.0 < z < 2.5" 11.484848484848484 1.018984286013341e-05 5.74614177182615e-06 1.610847500549803e-05
"2.0 < z < 2.5" 11.545454545454547 4.549765485512953e-06 2.2565277063163167e-06 8.194281873185229e-06
"2.0 < z < 2.5" 11.606060606060606 1.7964871172924867e-06 7.443459966555658e-07 3.746512478565847e-06
"2.0 < z < 2.5" 11.666666666666668 6.162187792873717e-07 2.0212195727037034e-07 1.5095032741880114e-06
"2.0 < z < 2.5" 11.727272727272727 1.7867841568150024e-07 4.50817558868701e-08 5.447513948648208e-07
"2.0 < z < 2.5" 11.787878787878789 4.322172590737463e-08 7.52344089659874e-09 1.6536201005521308e-07
"2.0 < z < 2.5" 11.848484848484848 8.609597187185056e-09 9.488692926792349e-10 4.1901543915558915e-08
"2.0 < z < 2.5" 11.90909090909091 1.3049042154506029e-09 8.56424570396505e-11 8.441997808069145e-09
"2.0 < z < 2.5" 11.969696969696969 1.5180389506738938e-10 5.329038221538934e-12 1.3503089041127998e-09
"2.0 < z < 2.5" 12.030303030303031 1.1923325397689031e-11 1.9958273644194016e-13 1.6371919063786393e-10
"2.0 < z < 2.5" 12.09090909090909 6.434704477101045e-13 4.7897731827232164e-15 1.5037882853940076e-11
"2.0 < z < 2.5" 12.151515151515152 2.2850846634528604e-14 6.022252916505129e-17 9.295017576072419e-13
"2.0 < z < 2.5" 12.212121212121211 4.909172226663023e-16 4.0294063978009454e-19 3.96826246515135e-14
"2.0 < z < 2.5" 12.272727272727273 5.954072945475399e-18 1.1936850650369645e-21 1.0673351478363512e-15
"2.0 < z < 2.5" 12.333333333333334 3.6110232860973574e-20 1.7239400271173766e-24 1.5982012216542966e-17
"2.0 < z < 2.5" 12.393939393939394 9.538726880062891e-23 8.002966198579616e-28 1.3018605321260503e-19
"2.0 < z < 2.5" 12.454545454545455 1.1417221626819803e-25 1.1769732117109342e-31 4.775274869140509e-22
"2.0 < z < 2.5" 12.515151515151516 5.219830052424059e-29 4.6811760617921325e-36 7.524894387711385e-25
"2.0 < z < 2.5" 12.575757575757576 6.0082722394992885e-33 3.8391366285870174e-41 4.61162113903811e-28
"2.0 < z < 2.5" 12.636363636363637 1.9321470319123928e-37 6.778320109824939e-47 9.381833108807126e-32
"2.0 < z < 2.5" 12.696969696969697 1.2323845857829804e-42 8.411108929208929e-54 4.9746807535989734e-36
"2.0 < z < 2.5" 12.757575757575758 1.7460348401368864e-48 2.2504421456428958e-61 6.45051890599278e-41
"2.0 < z < 2.5" 12.818181818181818 1.9119600591364175e-55 1.578562655586719e-70 1.260348350533764e-46
"2.0 < z < 2.5" 12.878787878787879 4.900600042788808e-63 2.044513047533082e-80 5.70700717587128e-53
"2.0 < z < 2.5" 12.93939393939394 2.8132547114170195e-72 1.1648121604188738e-92 1.5987985968663478e-60
"2.0 < z < 2.5" 13.0 2.766512994396408e-82 1.3509350507639362e-105 9.861503315757096e-69
"2.5 < z < 3.0" 7.0 0.0492284513345306 0.037266381415280415 0.06859059956691253
"2.5 < z < 3.0" 7.0606060606060606 0.045443963317172924 0.034665966234135384 0.06268666592369183
"2.5 < z < 3.0" 7.121212121212121 0.041948025554365914 0.03226827605477006 0.05731762475579793
"2.5 < z < 3.0" 7.181818181818182 0.03871366105220554 0.030073265779683778 0.05239674660175426
"2.5 < z < 3.0" 7.242424242424242 0.03572085369748797 0.028022643568791993 0.04791289829331146
"2.5 < z < 3.0" 7.303030303030303 0.0330103138026909 0.02603534100773529 0.043759633153390126
"2.5 < z < 3.0" 7.363636363636363 0.030488672587395172 0.02425006306068052 0.03996074132188005
"2.5 < z < 3.0" 7.424242424242424 0.028172895932013654 0.022602263775558563 0.03648866933343814
"2.5 < z < 3.0" 7.484848484848484 0.026004035673429664 0.021051110355542635 0.033202720977131756
"2.5 < z < 3.0" 7.545454545454545 0.024022610672633803 0.01945390407999284 0.030347312850970042
"2.5 < z < 3.0" 7.606060606060606 0.022175240527454624 0.018009431227593967 0.027789613222992674
"2.5 < z < 3.0" 7.666666666666667 0.020489334386570798 0.01675695614302965 0.025466029552032622
"2.5 < z < 3.0" 7.7272727272727275 0.01892055374707663 0.01558535481047396 0.023282751425377893
"2.5 < z < 3.0" 7.787878787878788 0.01744670307858962 0.014481124392897305 0.021325990090088957
"2.5 < z < 3.0" 7.848484848484849 0.016096816252039146 0.01342125787634816 0.019508201296405903
"2.5 < z < 3.0" 7.909090909090909 0.0148347048894992 0.01249884799184398 0.017850795688609956
"2.5 < z < 3.0" 7.96969696969697 0.013692096509118075 0.011652481640016895 0.01636098304199365
"2.5 < z < 3.0" 8.030303030303031 0.012609516707027342 0.010839390543229582 0.015008925712061036
"2.5 < z < 3.0" 8.09090909090909 0.011630068961052729 0.01004703846208139 0.013728894773674226
"2.5 < z < 3.0" 8.151515151515152 0.010727264621527972 0.00932093432604376 0.01257121399187203
"2.5 < z < 3.0" 8.212121212121213 0.009917157533801043 0.008653506799979184 0.011510711454786597
"2.5 < z < 3.0" 8.272727272727273 0.009158456291335576 0.00804529590914709 0.010523423087320646
"2.5 < z < 3.0" 8.333333333333334 0.008461412360268872 0.00747945827094626 0.009607572295709032
"2.5 < z < 3.0" 8.393939393939394 0.007817358095256495 0.006946726619819436 0.008776154817785126
"2.5 < z < 3.0" 8.454545454545455 0.007217584665532394 0.006437768210058577 0.008068831694141597
"2.5 < z < 3.0" 8.515151515151516 0.006661402020038071 0.005954014647504598 0.007388648088914015
"2.5 < z < 3.0" 8.575757575757576 0.006138453477792771 0.00550478955368218 0.006783709353426006
"2.5 < z < 3.0" 8.636363636363637 0.00566166011258705 0.005093533698030658 0.006254350709592453
"2.5 < z < 3.0" 8.696969696969697 0.005224813095917803 0.004707165755141365 0.005737954267170703
"2.5 < z < 3.0" 8.757575757575758 0.004827358728874213 0.004371746443726457 0.005277702999416437
"2.5 < z < 3.0" 8.818181818181818 0.004469552723167405 0.004042138856050224 0.004858229279486066
"2.5 < z < 3.0" 8.878787878787879 0.004128176719700042 0.0037393650839257294 0.004471891988752184
"2.5 < z < 3.0" 8.93939393939394 0.003811321724290804 0.0034628496470861274 0.004117982000218925
"2.5 < z < 3.0" 9.0 0.003514250968452811 0.0032058080550888264 0.0037933680047348662
"2.5 < z < 3.0" 9.06060606060606 0.003250767253680098 0.0029795356945150394 0.003502413393134486
"2.5 < z < 3.0" 9.121212121212121 0.0030061284525650317 0.002761370624176618 0.0032356630543261206
"2.5 < z < 3.0" 9.181818181818182 0.0027833397245444987 0.0025568007983924543 0.0029868806872490436
"2.5 < z < 3.0" 9.242424242424242 0.002567370446410822 0.0023561249253981563 0.0027657057618989686
"2.5 < z < 3.0" 9.303030303030303 0.0023717681227189585 0.002176604272804969 0.002563175425382306
"2.5 < z < 3.0" 9.363636363636363 0.0022005490349858337 0.0020079026372190017 0.0023756895371205384
"2.5 < z < 3.0" 9.424242424242424 0.0020377265275620103 0.001855178664693212 0.0022079576918078154
"2.5 < z < 3.0" 9.484848484848484 0.0018835943237247195 0.0017124285765987412 0.002048764748763881
"2.5 < z < 3.0" 9.545454545454545 0.001740873296647673 0.001575534170004707 0.001901586671564402
"2.5 < z < 3.0" 9.606060606060606 0.0016108617057234362 0.0014547279393282181 0.0017664730565266841
"2.5 < z < 3.0" 9.666666666666668 0.001491419287592785 0.0013404282587471724 0.0016394305062722057
"2.5 < z < 3.0" 9.727272727272727 0.0013815797606678418 0.0012348992026767454 0.0015219209083820362
"2.5 < z < 3.0" 9.787878787878789 0.0012800778913154638 0.001135614420389188 0.001417010062961413
"2.5 < z < 3.0" 9.848484848484848 0.001186679102031862 0.0010450180369439897 0.001318792440491903
"2.5 < z < 3.0" 9.90909090909091 0.0010974973845217654 0.0009633863514981424 0.001227146890283576
"2.5 < z < 3.0" 9.969696969696969 0.001017062705679295 0.0008879901858556571 0.0011412780234959115
"2.5 < z < 3.0" 10.030303030303031 0.000945613002911095 0.0008173379917749776 0.0010622641211412804
"2.5 < z < 3.0" 10.09090909090909 0.0008762489396041017 0.0007546151732093719 0.0009893507419846315
"2.5 < z < 3.0" 10.151515151515152 0.0008153746626346385 0.0006981775500380259 0.0009170909848369297
