SMF_fits.ecsv
# %ECSV 1.0
# ---
# datatype:
# - {name: Redshift, datatype: string}
# - {name: M_star, unit: solMass, datatype: float64}
# - {name: Phi, unit: 1 / (dex Mpc3), datatype: float64}
# - {name: Phi_16, unit: 1 / (dex Mpc3), datatype: float64}
# - {name: Phi_84, unit: 1 / (dex Mpc3), datatype: float64}
# meta: !!omap
# - cosmology: {H0: 70.0, Omega_lambda: 0.7, Omega_m: 0.3}
# - {IMF: Chabrier03}
# - {Best fit z<3.5: Double Schecter}
# - {Best fit 3.5z<5.5: Single Schecter}
# - {Best fit z>5.5: Double Power Law}
# schema: astropy-2.0
Redshift M_star Phi Phi_16 Phi_84
"0.2 < z < 0.5" 7.0 0.13793728611730555 0.11364035155010321 0.17236017879984863
"0.2 < z < 0.5" 7.0606060606060606 0.12835663029817687 0.10643216641179477 0.15873080933199818
"0.2 < z < 0.5" 7.121212121212121 0.11963580779805202 0.09964056003247204 0.14615745608880612
"0.2 < z < 0.5" 7.181818181818182 0.11133924211136884 0.09308810089279453 0.13417421771640367
"0.2 < z < 0.5" 7.242424242424242 0.10327220007309822 0.08721546088893753 0.12291948120619141
"0.2 < z < 0.5" 7.303030303030303 0.09584716361918605 0.08175204323367785 0.11293845664977716
"0.2 < z < 0.5" 7.363636363636363 0.0891601594431833 0.07666338071498453 0.10390068971014246
"0.2 < z < 0.5" 7.424242424242424 0.08285865631120008 0.07188346249745665 0.09571769071078512
"0.2 < z < 0.5" 7.484848484848484 0.07702301750057167 0.0671948090805409 0.08823798007229186
"0.2 < z < 0.5" 7.545454545454545 0.07152229579077099 0.06292634094943192 0.08136580151861245
"0.2 < z < 0.5" 7.606060606060606 0.06664671036728047 0.05882405354635674 0.0748867975653398
"0.2 < z < 0.5" 7.666666666666667 0.06193391939212108 0.05520724752627845 0.06892726182996
"0.2 < z < 0.5" 7.7272727272727275 0.05753540869164026 0.05166765886649316 0.06377984011750346
"0.2 < z < 0.5" 7.787878787878788 0.05338673522941674 0.04816231857613492 0.058879188502663646
"0.2 < z < 0.5" 7.848484848484849 0.04956858131455886 0.0449741669459402 0.05443314188567814
"0.2 < z < 0.5" 7.909090909090909 0.046055704788051446 0.042009912121127264 0.05035925984519528
"0.2 < z < 0.5" 7.96969696969697 0.042707963103786606 0.039312884289733015 0.046598994321924665
"0.2 < z < 0.5" 8.030303030303031 0.03971979673518447 0.036728205867935175 0.04324818915713992
"0.2 < z < 0.5" 8.09090909090909 0.03692813069434962 0.03434281833149635 0.04019595450081571
"0.2 < z < 0.5" 8.151515151515152 0.03433714262081881 0.03187668656805467 0.037332253851506035
"0.2 < z < 0.5" 8.212121212121213 0.0319500343576801 0.029637748349949856 0.03471774959078127
"0.2 < z < 0.5" 8.272727272727273 0.02977929225441377 0.02755139041711499 0.03232316591870553
"0.2 < z < 0.5" 8.333333333333334 0.02779972046894702 0.025728103718638762 0.030037665864036396
"0.2 < z < 0.5" 8.393939393939394 0.025961028600242547 0.02397235139667987 0.02799943008441451
"0.2 < z < 0.5" 8.454545454545455 0.02419393277004934 0.022343780119522212 0.02611404463975437
"0.2 < z < 0.5" 8.515151515151516 0.022570524609619398 0.02073291628294384 0.02433119229905277
"0.2 < z < 0.5" 8.575757575757576 0.021044804756613803 0.019261893935679363 0.022754617614607557
"0.2 < z < 0.5" 8.636363636363637 0.019611616933879836 0.01796315686779597 0.021266325520960628
"0.2 < z < 0.5" 8.696969696969697 0.018314130554839145 0.016673348784562995 0.0198983097912494
"0.2 < z < 0.5" 8.757575757575758 0.017105137503488632 0.015489964054782307 0.01863146537624924
"0.2 < z < 0.5" 8.818181818181818 0.01595631240662107 0.014434648215716835 0.017433695723000155
"0.2 < z < 0.5" 8.878787878787879 0.014930367054072418 0.013459378376026877 0.01636294353323893
"0.2 < z < 0.5" 8.93939393939394 0.013968066427738153 0.012514394466606621 0.015327368317588934
"0.2 < z < 0.5" 9.0 0.013081249026455792 0.011653246347068531 0.014356140093258325
"0.2 < z < 0.5" 9.06060606060606 0.012260564261085686 0.01094007727437863 0.01347126087793706
"0.2 < z < 0.5" 9.121212121212121 0.011507340256459445 0.010221468651924012 0.012663310285734869
"0.2 < z < 0.5" 9.181818181818182 0.010817543345177351 0.009585854137889814 0.011888757558900113
"0.2 < z < 0.5" 9.242424242424242 0.010154299456353941 0.008982289186096141 0.01116949528456457
"0.2 < z < 0.5" 9.303030303030303 0.009534454085580731 0.008488193887306268 0.010503407784688555
"0.2 < z < 0.5" 9.363636363636363 0.008983822229612522 0.00800421590321453 0.009897788905811942
"0.2 < z < 0.5" 9.424242424242424 0.008488629821565886 0.007610293995766746 0.009330675787937118
"0.2 < z < 0.5" 9.484848484848484 0.00802556376715696 0.007167949564923994 0.008813984972930662
"0.2 < z < 0.5" 9.545454545454545 0.007588211275770959 0.0067778435415233795 0.008341760139706
"0.2 < z < 0.5" 9.606060606060606 0.00719238860187128 0.006393053070368546 0.007909540406572463
"0.2 < z < 0.5" 9.666666666666668 0.006811388912539938 0.006035772147553534 0.00749822575097452
"0.2 < z < 0.5" 9.727272727272727 0.006485380599196312 0.005702420740844099 0.007119682261716905
"0.2 < z < 0.5" 9.787878787878789 0.006175317266836105 0.005404455582035692 0.006770872126511861
"0.2 < z < 0.5" 9.848484848484848 0.005863682779081993 0.005108305528417186 0.006462000137002854
"0.2 < z < 0.5" 9.90909090909091 0.005576358420288857 0.004825958759274565 0.00616514158035392
"0.2 < z < 0.5" 9.969696969696969 0.005311293601128412 0.0045907870245183455 0.005892965027431973
"0.2 < z < 0.5" 10.030303030303031 0.005059951821593158 0.004316144875396144 0.005650437472852618
"0.2 < z < 0.5" 10.09090909090909 0.00483050169963333 0.004132487095529601 0.00542984128012603
"0.2 < z < 0.5" 10.151515151515152 0.004604461607263135 0.003939043029126938 0.005218877969996373
"0.2 < z < 0.5" 10.212121212121213 0.004405842179361088 0.0037611209951293268 0.0050362699824440735
"0.2 < z < 0.5" 10.272727272727273 0.0042043131653218685 0.003575470510387176 0.004837916087023145
"0.2 < z < 0.5" 10.333333333333334 0.004017109924242842 0.0034246512077694908 0.00465243329345253
"0.2 < z < 0.5" 10.393939393939394 0.0038534425827492715 0.003269217591927979 0.00445250342391743
"0.2 < z < 0.5" 10.454545454545455 0.003663565061291134 0.0031068992767509136 0.004233965262958337
"0.2 < z < 0.5" 10.515151515151516 0.003464922069873619 0.0029143510105384637 0.004011413006570885
"0.2 < z < 0.5" 10.575757575757576 0.00325390017643483 0.002716158850846721 0.003789193934565312
"0.2 < z < 0.5" 10.636363636363637 0.0030253985516903114 0.0025222840745888525 0.003568230008791734
"0.2 < z < 0.5" 10.696969696969697 0.0027819265267175187 0.0023111122502712305 0.0033175060562471753
"0.2 < z < 0.5" 10.757575757575758 0.0025292486207100363 0.0020955551330315712 0.003015309712976187
"0.2 < z < 0.5" 10.818181818181818 0.002264423090040645 0.001872018072025793 0.0027086312084557236
"0.2 < z < 0.5" 10.878787878787879 0.001984004973370918 0.0016269777270544806 0.002367961978082493
"0.2 < z < 0.5" 10.93939393939394 0.0016945717653508775 0.0013841387564272735 0.002025199297070761
"0.2 < z < 0.5" 11.0 0.0014164235551273644 0.0011406232271626408 0.0016873909319459661
"0.2 < z < 0.5" 11.06060606060606 0.0011481356665207555 0.0008991659078729148 0.0013605369380667765
"0.2 < z < 0.5" 11.121212121212121 0.0008959423668904834 0.0006781040114775853 0.0010625138940416681
"0.2 < z < 0.5" 11.181818181818182 0.0006704167058281975 0.0004960744371432777 0.0008110492954355198
"0.2 < z < 0.5" 11.242424242424242 0.0004803878065877178 0.00034986008940772657 0.0005933401183748488
"0.2 < z < 0.5" 11.303030303030303 0.0003322974645134246 0.0002189296920032512 0.00042100505293783257
"0.2 < z < 0.5" 11.363636363636363 0.00021247682372682613 0.00012172887675753774 0.00029570545875925135
"0.2 < z < 0.5" 11.424242424242426 0.00012430184427114302 6.14090842567328e-05 0.00019285265576232346
"0.2 < z < 0.5" 11.484848484848484 6.805516350262218e-05 2.6656289601859824e-05 0.00011751402936112493
"0.2 < z < 0.5" 11.545454545454547 3.3151144950875936e-05 1.0080938299041527e-05 6.585879324944903e-05
"0.2 < z < 0.5" 11.606060606060606 1.4212571098799448e-05 3.263825714710173e-06 3.391481710446057e-05
"0.2 < z < 0.5" 11.666666666666668 5.44678985754146e-06 8.5829887006203e-07 1.5727351348617986e-05
"0.2 < z < 0.5" 11.727272727272727 1.7265283799220475e-06 1.8576056050520127e-07 6.6031981068409625e-06
"0.2 < z < 0.5" 11.787878787878789 4.7160786627692335e-07 3.1973575951722314e-08 2.4313394066145854e-06
"0.2 < z < 0.5" 11.848484848484848 1.0529884405680276e-07 3.998214768930988e-09 7.886209422791884e-07
"0.2 < z < 0.5" 11.90909090909091 1.770428077260334e-08 3.717364839609994e-10 2.1429373724004998e-07
"0.2 < z < 0.5" 11.969696969696969 2.4789599590463457e-09 2.2750786912029805e-11 4.616368098814909e-08
"0.2 < z < 0.5" 12.030303030303031 2.3263307643290135e-10 8.957379570895382e-13 8.091263089228073e-09
"0.2 < z < 0.5" 12.09090909090909 1.6600261168479202e-11 2.3861920124572112e-14 1.0745721198896343e-09
"0.2 < z < 0.5" 12.151515151515152 7.689524891870941e-13 3.157957143798557e-16 1.062361819950976e-10
"0.2 < z < 0.5" 12.212121212121211 2.1678493724710656e-14 2.359539077840654e-18 7.148587501679362e-12
"0.2 < z < 0.5" 12.272727272727273 3.463744909542087e-16 8.823525160828427e-21 3.096249938209869e-13
"0.2 < z < 0.5" 12.333333333333334 3.095081207566258e-18 1.299098546720974e-23 9.116281142795261e-15
"0.2 < z < 0.5" 12.393939393939394 1.2660111471126312e-20 6.22227315830648e-27 1.6120142278175139e-16
"0.2 < z < 0.5" 12.454545454545455 2.3059581280793306e-23 9.588237054637268e-31 1.5767741353286626e-18
"0.2 < z < 0.5" 12.515151515151516 1.6887071575124376e-26 4.466786750887066e-35 7.448488642042638e-21
"0.2 < z < 0.5" 12.575757575757576 4.327290383433018e-30 4.081175252083994e-40 1.6096731399174993e-23
"0.2 < z < 0.5" 12.636363636363637 3.6056046918177408e-34 8.474086861547955e-46 1.35918306838708e-26
"0.2 < z < 0.5" 12.696969696969697 6.321706641417348e-39 1.5988025777636983e-52 3.941871621618851e-30
"0.2 < z < 0.5" 12.757575757575758 2.8437157151518016e-44 5.826737711418553e-60 3.8250536007678526e-34
"0.2 < z < 0.5" 12.818181818181818 1.267287076027448e-50 5.920845920922185e-69 7.69603952980704e-39
"0.2 < z < 0.5" 12.878787878787879 1.0425192372671475e-57 1.114543858884876e-78 4.231654010582938e-44
"0.2 < z < 0.5" 12.93939393939394 2.5941064076834607e-66 9.633967414565353e-91 2.3474108770652705e-50
"0.2 < z < 0.5" 13.0 1.5378003863882805e-75 1.4277500230608575e-103 2.992427781354841e-57
"0.5 < z < 0.8" 7.0 0.171685500081406 0.13390114842667988 0.22906437499976
"0.5 < z < 0.8" 7.0606060606060606 0.15716642523214686 0.1241979276023228 0.2068815560119877
"0.5 < z < 0.8" 7.121212121212121 0.14447191682954452 0.11429491886409997 0.18656815107826538
"0.5 < z < 0.8" 7.181818181818182 0.1327114871696676 0.10604220923661938 0.1688763675174529
"0.5 < z < 0.8" 7.242424242424242 0.1219937691412689 0.09859067290091834 0.15289851583369685
"0.5 < z < 0.8" 7.303030303030303 0.11207109365953564 0.09170150571993474 0.1390172224248022
"0.5 < z < 0.8" 7.363636363636363 0.10308317864868531 0.08526735752012854 0.12516386508881525
"0.5 < z < 0.8" 7.424242424242424 0.0941892510338605 0.07905692988414348 0.11276876722463564
"0.5 < z < 0.8" 7.484848484848484 0.08614495590544624 0.07324201738752488 0.10224539302386697
"0.5 < z < 0.8" 7.545454545454545 0.07918751566226752 0.0681117739440885 0.09266186838345694
"0.5 < z < 0.8" 7.606060606060606 0.07269769267052616 0.06306161660046893 0.08410518836785844
"0.5 < z < 0.8" 7.666666666666667 0.06679719526877011 0.058418135198474955 0.07608483279236081
"0.5 < z < 0.8" 7.7272727272727275 0.06140959711678662 0.05418626780281783 0.06913137730017152
"0.5 < z < 0.8" 7.787878787878788 0.056490086558286315 0.050191690658934265 0.06299943625391695
"0.5 < z < 0.8" 7.848484848484849 0.051864151802257834 0.04658873441110449 0.05730887070435624
"0.5 < z < 0.8" 7.909090909090909 0.04769998244111007 0.04322624751684297 0.05216081766865113
"0.5 < z < 0.8" 7.96969696969697 0.04383139572358305 0.04009491779709407 0.04765291979736114
"0.5 < z < 0.8" 8.030303030303031 0.04027000029917958 0.03692640194719179 0.04358765258966778
"0.5 < z < 0.8" 8.09090909090909 0.0370584438602391 0.0340922740352054 0.039943088825712715
"0.5 < z < 0.8" 8.151515151515152 0.03409759599710127 0.03145510341293435 0.036589445355961606
"0.5 < z < 0.8" 8.212121212121213 0.03133941779990248 0.029006911942502153 0.03357680143864907
"0.5 < z < 0.8" 8.272727272727273 0.02881823178364439 0.0267919694484016 0.030860361196211706
"0.5 < z < 0.8" 8.333333333333334 0.026534813007206174 0.024659925875832097 0.028372230262701813
"0.5 < z < 0.8" 8.393939393939394 0.024465291222623243 0.022609182907803414 0.026243706802973662
"0.5 < z < 0.8" 8.454545454545455 0.022578376112159414 0.020753541039291733 0.024248402609898186
"0.5 < z < 0.8" 8.515151515151516 0.020832414195559965 0.019088750970481166 0.02242477318556214
"0.5 < z < 0.8" 8.575757575757576 0.019245590087299008 0.01754871800900062 0.02073087099310517
"0.5 < z < 0.8" 8.636363636363637 0.017806787735172098 0.01618207783447964 0.019226857274322953
"0.5 < z < 0.8" 8.696969696969697 0.016460809410652477 0.014938108454294498 0.017840115039770683
"0.5 < z < 0.8" 8.757575757575758 0.015243594596624187 0.013794339503884114 0.016547411503893758
"0.5 < z < 0.8" 8.818181818181818 0.01413168084353701 0.012780388371184385 0.015390731371157648
"0.5 < z < 0.8" 8.878787878787879 0.013118011957452578 0.01181787400810649 0.014320383147955034
"0.5 < z < 0.8" 8.93939393939394 0.012171909747679475 0.010946701978597796 0.013319547149312794
"0.5 < z < 0.8" 9.0 0.011311474042688745 0.010163103832464394 0.012425725410979081
"0.5 < z < 0.8" 9.06060606060606 0.010513975620164765 0.009480547582173227 0.01158742768580081
"0.5 < z < 0.8" 9.121212121212121 0.009786765855503409 0.008824592126499355 0.010812066246680808
"0.5 < z < 0.8" 9.181818181818182 0.009150698456658548 0.00824296633065508 0.010129659545591365
"0.5 < z < 0.8" 9.242424242424242 0.008570239584653517 0.007710332463534539 0.009470006120096207
"0.5 < z < 0.8" 9.303030303030303 0.008036339559390322 0.007206045211976895 0.008874446712987228
"0.5 < z < 0.8" 9.363636363636363 0.0075448802158134985 0.006768212802482146 0.00835331082790655
"0.5 < z < 0.8" 9.424242424242424 0.007088730730724919 0.006363291565920823 0.007837331225396564
"0.5 < z < 0.8" 9.484848484848484 0.006686931665849724 0.006008110671754409 0.0073903839389351375
"0.5 < z < 0.8" 9.545454545454545 0.00630998213052755 0.005694180162789136 0.006961913185702692
"0.5 < z < 0.8" 9.606060606060606 0.005966326297065395 0.005381947570975777 0.006590065590208367
"0.5 < z < 0.8" 9.666666666666668 0.005660328598040557 0.005099559411420792 0.006237180746814212
"0.5 < z < 0.8" 9.727272727272727 0.005371565883186413 0.0048389526281630455 0.0059178828775748454
"0.5 < z < 0.8" 9.787878787878789 0.005121692201807756 0.004593750362795591 0.0056278522277687605
"0.5 < z < 0.8" 9.848484848484848 0.004892415438663402 0.004359867982784724 0.005357577601955304
"0.5 < z < 0.8" 9.90909090909091 0.004669514191795798 0.004132057780615591 0.005137095155864173
"0.5 < z < 0.8" 9.969696969696969 0.004454525519365147 0.003943688090225426 0.004928493705803544
"0.5 < z < 0.8" 10.030303030303031 0.004256734675786195 0.0037488267136709776 0.004716858475472807
"0.5 < z < 0.8" 10.09090909090909 0.004075225792238168 0.003559831337349608 0.004534500199766229
"0.5 < z < 0.8" 10.151515151515152 0.0038886308905142926 0.003412451497084638 0.004343434475791738
"0.5 < z < 0.8" 10.212121212121213 0.0037096346708053733 0.0032465199063861565 0.0041669700221394134
"0.5 < z < 0.8" 10.272727272727273 0.0035366854249392447 0.0030948764261314906 0.003980724673549315
"0.5 < z < 0.8" 10.333333333333334 0.0033701541524132753 0.0029332092953850337 0.003783993950447002
"0.5 < z < 0.8" 10.393939393939394 0.0031920466489947295 0.0027755214134932518 0.0035920929565170507
"0.5 < z < 0.8" 10.454545454545455 0.003005656589291713 0.002618656715484517 0.0033997496251416738
"0.5 < z < 0.8" 10.515151515151516 0.002811687028024446 0.0024436974177801667 0.003173944523600345
"0.5 < z < 0.8" 10.575757575757576 0.002616349038733144 0.0022648610433164073 0.0029382091683945698
"0.5 < z < 0.8" 10.636363636363637 0.0024047216606978995 0.0020838776513545307 0.0027054610010459417
"0.5 < z < 0.8" 10.696969696969697 0.002175915635640842 0.0018873061745484517 0.0024479729736470563
"0.5 < z < 0.8" 10.757575757575758 0.0019390537522957563 0.0016836217375722196 0.0021965944950909197
"0.5 < z < 0.8" 10.818181818181818 0.0016967672030959347 0.0014719212048453618 0.0019233282778537276
"0.5 < z < 0.8" 10.878787878787879 0.001452805287624001 0.0012563904731432863 0.0016536224514926688
