SMF_fits.ecsv
# %ECSV 1.0
# ---
# datatype:
# - {name: Redshift, datatype: string}
# - {name: M_star, unit: solMass, datatype: float64}
# - {name: Phi, unit: 1 / (dex Mpc3), datatype: float64}
# - {name: Phi_16, unit: 1 / (dex Mpc3), datatype: float64}
# - {name: Phi_84, unit: 1 / (dex Mpc3), datatype: float64}
# meta: !!omap
# - cosmology: {H0: 70.0, Omega_lambda: 0.7, Omega_m: 0.3}
# - {IMF: Chabrier03}
# - {Best fit z<3.5: Double Schecter}
# - {Best fit 3.5z<5.5: Single Schecter}
# - {Best fit z>5.5: Double Power Law}
# schema: astropy-2.0
Redshift M_star Phi Phi_16 Phi_84
[from data line 815]
"3.5 < z < 4.5" 7.909090909090909 0.009751434116977155 0.007789263933074554 0.0125968752868974
"3.5 < z < 4.5" 7.96969696969697 0.008940929142533756 0.007189689074492438 0.011462180356423969
"3.5 < z < 4.5" 8.030303030303031 0.008214815439177736 0.006642833038271535 0.010415718275780977
"3.5 < z < 4.5" 8.09090909090909 0.007510802546914076 0.006141769851405031 0.009443418976439862
"3.5 < z < 4.5" 8.151515151515152 0.006872480932631434 0.005675698845629791 0.008554285596904342
"3.5 < z < 4.5" 8.212121212121213 0.006295679409328012 0.005239876066339441 0.007754481261092342
"3.5 < z < 4.5" 8.272727272727273 0.005778136396255753 0.004849962085693571 0.00704441250843725
"3.5 < z < 4.5" 8.333333333333334 0.005306802101622299 0.004475597317531496 0.00640092698491947
"3.5 < z < 4.5" 8.393939393939394 0.004860261174581198 0.004136313934623011 0.005804252888110589
"3.5 < z < 4.5" 8.454545454545455 0.00445337737408363 0.0038160387504392926 0.005249024968476902
"3.5 < z < 4.5" 8.515151515151516 0.0040815033671961955 0.0035281868536099444 0.0047210083049569525
"3.5 < z < 4.5" 8.575757575757576 0.0037298890690678596 0.003233641507689073 0.0042317339329244474
"3.5 < z < 4.5" 8.636363636363637 0.003396472608173817 0.0029435880069264217 0.003811817459782597
"3.5 < z < 4.5" 8.696969696969697 0.003108697891057253 0.0026683172252143683 0.0034577747493827185
"3.5 < z < 4.5" 8.757575757575758 0.002846322903575554 0.002455238409656769 0.0031496569388034697
"3.5 < z < 4.5" 8.818181818181818 0.002601781561267315 0.0022667768834162554 0.0028718434933194354
"3.5 < z < 4.5" 8.878787878787879 0.0023850727355489857 0.002086914418850595 0.002614502747356848
"3.5 < z < 4.5" 8.93939393939394 0.002182582428203859 0.0019221124666551684 0.0023839845031257923
"3.5 < z < 4.5" 9.0 0.001996869954171258 0.0017628229724207384 0.002176842068243023
"3.5 < z < 4.5" 9.06060606060606 0.0018268348204116876 0.0016215099887289758 0.001986302559090537
"3.5 < z < 4.5" 9.121212121212121 0.0016724953180383554 0.001487892267003855 0.001816640905468286
"3.5 < z < 4.5" 9.181818181818182 0.0015263813118382256 0.0013695677736925212 0.0016566859202164707
"3.5 < z < 4.5" 9.242424242424242 0.0013956620791850945 0.0012589536342639846 0.0015098526971677889
"3.5 < z < 4.5" 9.303030303030303 0.0012786487313764005 0.0011530165138491316 0.0013798264311084788
"3.5 < z < 4.5" 9.363636363636363 0.0011688951402093945 0.0010550618980121403 0.001262678617763045
"3.5 < z < 4.5" 9.424242424242424 0.001068047447211171 0.000960702524621343 0.001152711750758787
"3.5 < z < 4.5" 9.484848484848484 0.0009781719667851631 0.000875212861411931 0.0010535013207953307
"3.5 < z < 4.5" 9.545454545454545 0.0008907620541057686 0.000796027677641087 0.0009628424713173421
"3.5 < z < 4.5" 9.606060606060606 0.0008110438535814543 0.0007244449128278814 0.0008818426115478946
"3.5 < z < 4.5" 9.666666666666668 0.0007382667798965417 0.0006560114067926257 0.0008066010857401745
"3.5 < z < 4.5" 9.727272727272727 0.000671832170115369 0.0005926949229983778 0.0007372637030625605
"3.5 < z < 4.5" 9.787878787878789 0.0006093256274230578 0.0005338048184319826 0.0006740879219834253
"3.5 < z < 4.5" 9.848484848484848 0.000553661297812322 0.00048233226192624846 0.0006147980026797791
"3.5 < z < 4.5" 9.90909090909091 0.0005021113526265942 0.00043645282441705496 0.0005606899221207172
"3.5 < z < 4.5" 9.969696969696969 0.00045454465013820963 0.000392614221154251 0.0005101504171832858
"3.5 < z < 4.5" 10.030303030303031 0.00041114877393632195 0.00035422523531110063 0.0004634876562318062
"3.5 < z < 4.5" 10.09090909090909 0.00037097688017928305 0.00031896785864533395 0.00041978933416076156
"3.5 < z < 4.5" 10.151515151515152 0.00033382938180389054 0.00028558961010261583 0.0003781268485669926
"3.5 < z < 4.5" 10.212121212121213 0.00029951502787033097 0.00025591481868707266 0.0003404244264967916
"3.5 < z < 4.5" 10.272727272727273 0.00026822423250722963 0.00022757229608496823 0.00030456098974592367
"3.5 < z < 4.5" 10.333333333333334 0.00023887295840335264 0.0002013894285363472 0.00027196665166924375
"3.5 < z < 4.5" 10.393939393939394 0.0002117377099610615 0.00017815934609314058 0.00024150126762551745
"3.5 < z < 4.5" 10.454545454545455 0.00018629621944840215 0.00015597284603805395 0.00021340977788240916
"3.5 < z < 4.5" 10.515151515151516 0.00016313329237859135 0.00013610769207607522 0.00018766704553505265
"3.5 < z < 4.5" 10.575757575757576 0.0001421188616825413 0.00011846496478454633 0.00016370310056535483
"3.5 < z < 4.5" 10.636363636363637 0.00012328848151521582 0.00010223226872573388 0.00014281579154331732
"3.5 < z < 4.5" 10.696969696969697 0.00010603075533426276 8.652162319792517e-05 0.00012262091677270925
"3.5 < z < 4.5" 10.757575757575758 8.99491941809223e-05 7.210052957769802e-05 0.00010505695361915205
"3.5 < z < 4.5" 10.818181818181818 7.57528646098392e-05 5.92066183154995e-05 8.925667191686191e-05
"3.5 < z < 4.5" 10.878787878787879 6.303170822412511e-05 4.7581565601655894e-05 7.499719389730746e-05
"3.5 < z < 4.5" 10.93939393939394 5.170487728072708e-05 3.716457050153505e-05 6.255488638977763e-05
"3.5 < z < 4.5" 11.0 4.1857461340067516e-05 2.809913764285039e-05 5.1483058425047394e-05
"3.5 < z < 4.5" 11.06060606060606 3.325669295215171e-05 2.0707414763501986e-05 4.194229781670964e-05
"3.5 < z < 4.5" 11.121212121212121 2.5831675466084047e-05 1.4566009758466422e-05 3.366328511454177e-05
"3.5 < z < 4.5" 11.181818181818182 1.9480502562198115e-05 9.715823617693058e-06 2.6420592146588607e-05
"3.5 < z < 4.5" 11.242424242424242 1.4262225276857156e-05 6.396337947435159e-06 2.0560774919047028e-05
"3.5 < z < 4.5" 11.303030303030303 9.960914535848316e-06 3.960249036382147e-06 1.5717398762992548e-05
"3.5 < z < 4.5" 11.363636363636363 6.7404756287702445e-06 2.2569501067857893e-06 1.1747509595711772e-05
"3.5 < z < 4.5" 11.424242424242426 4.3525297361774955e-06 1.220298557742752e-06 8.554120580302362e-06
"3.5 < z < 4.5" 11.484848484848484 2.702819919695821e-06 5.996894199881846e-07 5.986875874421165e-06
"3.5 < z < 4.5" 11.545454545454547 1.5493887208246328e-06 2.773734455237291e-07 3.9658369208887945e-06
"3.5 < z < 4.5" 11.606060606060606 8.243246459116967e-07 1.0941788157336073e-07 2.5376963770575446e-06
"3.5 < z < 4.5" 11.666666666666668 4.1864029734929994e-07 3.7817972892629716e-08 1.5507795420964192e-06
"3.5 < z < 4.5" 11.727272727272727 1.9269960798491604e-07 1.160503999044383e-08 9.008032165245478e-07
"3.5 < z < 4.5" 11.787878787878789 7.663039682042097e-08 2.9314948522124497e-09 4.820505441497709e-07
"3.5 < z < 4.5" 11.848484848484848 2.757115000074059e-08 6.13665598580749e-10 2.378627850993119e-07
"3.5 < z < 4.5" 11.90909090909091 8.709860904641867e-09 1.0785842773696451e-10 1.0569789270569044e-07
"3.5 < z < 4.5" 11.969696969696969 2.3513462425401153e-09 1.4547982229953222e-11 4.358502025292136e-08
"3.5 < z < 4.5" 12.030303030303031 5.262134239602033e-10 1.4491718561258343e-12 1.5831414877636262e-08
"3.5 < z < 4.5" 12.09090909090909 9.470989274319749e-11 1.038323687659232e-13 4.908855110552346e-09
"3.5 < z < 4.5" 12.151515151515152 1.2977694217915017e-11 5.0724389165222e-15 1.2862582822339268e-09
"3.5 < z < 4.5" 12.212121212121211 1.344162460266721e-12 1.5819478863558272e-16 2.773277924460758e-10
"3.5 < z < 4.5" 12.272727272727273 1.0244205172702832e-13 2.8876859990817666e-18 4.9079142586531157e-11
"3.5 < z < 4.5" 12.333333333333334 5.59850121638208e-15 2.9082806826896037e-20 6.986396012207174e-12
"3.5 < z < 4.5" 12.393939393939394 1.9707065932396555e-16 1.5021881615829725e-22 7.191847658141371e-13
"3.5 < z < 4.5" 12.454545454545455 4.146551231022569e-18 3.674007003578249e-25 5.39278530169663e-14
"3.5 < z < 4.5" 12.515151515151516 4.9693348945352814e-20 3.7022508674682917e-28 2.7657275058338115e-15
"3.5 < z < 4.5" 12.575757575757576 3.117029237793257e-22 1.3152156019013468e-31 9.456217377022035e-17
"3.5 < z < 4.5" 12.636363636363637 9.3551914221595e-25 1.5509319957907462e-35 2.0089462617520125e-18
"3.5 < z < 4.5" 12.696969696969697 1.1888176449638268e-27 4.1832571197718505e-40 2.4289331042303705e-20
"3.5 < z < 4.5" 12.757575757575758 6.0977295900578395e-31 3.032128646479288e-45 1.6636852755962972e-22
"3.5 < z < 4.5" 12.818181818181818 9.186199358353349e-35 2.575625672742388e-51 5.4302407554447965e-25
"3.5 < z < 4.5" 12.878787878787879 4.5307210624568285e-39 4.997204799350543e-58 7.662570224237547e-28
"3.5 < z < 4.5" 12.93939393939394 3.8313630324210253e-44 4.079307379197792e-66 3.314013038743616e-31
"3.5 < z < 4.5" 13.0 8.205986031289025e-50 7.096600147354618e-75 5.351763469023738e-35
"4.5 < z < 5.5" 7.0 0.07120112930048868 0.02936046376540457 0.10665554100975638
"4.5 < z < 5.5" 7.0606060606060606 0.0626629495402701 0.026892835478154554 0.09338807226937385
"4.5 < z < 5.5" 7.121212121212121 0.05539388067136939 0.02462771791500309 0.08156556108746908
"4.5 < z < 5.5" 7.181818181818182 0.04870942272182883 0.022566983176095512 0.07126441210044883
"4.5 < z < 5.5" 7.242424242424242 0.04293603836610629 0.020517163711128557 0.062233924687449094
"4.5 < z < 5.5" 7.303030303030303 0.03774147326749609 0.018642080039143184 0.054385540225211665
"4.5 < z < 5.5" 7.363636363636363 0.03322861229062028 0.01693734817018219 0.04758744664489137
"4.5 < z < 5.5" 7.424242424242424 0.029336275350495118 0.015387629019773355 0.04147356777378476
"4.5 < z < 5.5" 7.484848484848484 0.025845013271451604 0.014058351763565664 0.036203544635221366
"4.5 < z < 5.5" 7.545454545454545 0.0227601794475494 0.012857821721240541 0.03143004385137339
"4.5 < z < 5.5" 7.606060606060606 0.020116790225461898 0.011744995703738227 0.02742745004970724
"4.5 < z < 5.5" 7.666666666666667 0.017744031677100643 0.010769605303394676 0.02403186863304271
"4.5 < z < 5.5" 7.7272727272727275 0.015673013632259505 0.009824221775035474 0.020888867917394513
"4.5 < z < 5.5" 7.787878787878788 0.013859131171256043 0.00893576291440586 0.018249989381980122
"4.5 < z < 5.5" 7.848484848484849 0.012286983099372912 0.008162613470819079 0.015972346954761164
"4.5 < z < 5.5" 7.909090909090909 0.010837571194743701 0.007387995469535894 0.013977160240418599
"4.5 < z < 5.5" 7.96969696969697 0.009518757233601537 0.0067115407093609625 0.012186479237038464
"4.5 < z < 5.5" 8.030303030303031 0.00840247269099795 0.006084389503529683 0.01064977860286646
"4.5 < z < 5.5" 8.09090909090909 0.00739886767269276 0.005467396818748138 0.00931366716449938
"4.5 < z < 5.5" 8.151515151515152 0.006510918993862394 0.004933171214965167 0.008129245048421614
"4.5 < z < 5.5" 8.212121212121213 0.00575277537792496 0.004424235487007681 0.007113590118729393
"4.5 < z < 5.5" 8.272727272727273 0.00508747099822311 0.004001284984535565 0.006200964948005743
"4.5 < z < 5.5" 8.333333333333334 0.0044795758952605735 0.003605779559747365 0.005420315566990588
"4.5 < z < 5.5" 8.393939393939394 0.003943613095449252 0.003245886126131273 0.004737877548587928
"4.5 < z < 5.5" 8.454545454545455 0.003491107644918407 0.0029221758707057093 0.004132686996699773
"4.5 < z < 5.5" 8.515151515151516 0.003071726403346589 0.002613995111030218 0.0036079443123422416
"4.5 < z < 5.5" 8.575757575757576 0.002720795790811034 0.0023383498802125174 0.003162530455709741
"4.5 < z < 5.5" 8.636363636363637 0.0024045098468761885 0.002085698155819724 0.0027778637767643523
"4.5 < z < 5.5" 8.696969696969697 0.002129719415317602 0.0018668456704280557 0.002434908746268196
"4.5 < z < 5.5" 8.757575757575758 0.001891021231112531 0.0016624057504021673 0.00212870204412592
"4.5 < z < 5.5" 8.818181818181818 0.0016691572981097187 0.001475472238072499 0.0018669932927281036
"4.5 < z < 5.5" 8.878787878787879 0.0014750199229537318 0.0013079401719335976 0.0016504541499459163
"4.5 < z < 5.5" 8.93939393939394 0.0013032193783257097 0.0011587010947006083 0.0014522258619600996
"4.5 < z < 5.5" 9.0 0.0011469248860789092 0.0010229100268124938 0.0012793044307021844
"4.5 < z < 5.5" 9.06060606060606 0.0010107724523727637 0.0009013699493771606 0.001125856247593682
"4.5 < z < 5.5" 9.121212121212121 0.0008902186530327715 0.0007945560043180143 0.0009902077435577808
"4.5 < z < 5.5" 9.181818181818182 0.0007808902998448545 0.0007006032703604474 0.0008761532819612401
"4.5 < z < 5.5" 9.242424242424242 0.0006871490734415846 0.0006154894165653532 0.0007727027832728764
"4.5 < z < 5.5" 9.303030303030303 0.0006025156370130257 0.0005401926738274942 0.0006791571311331046
"4.5 < z < 5.5" 9.363636363636363 0.0005284628244621577 0.0004736147667651422 0.0005962489826353405
"4.5 < z < 5.5" 9.424242424242424 0.00046331412717636866 0.00041407795283073196 0.0005241691010047386
"4.5 < z < 5.5" 9.484848484848484 0.00040664348066891845 0.000363537195176172 0.0004606429730352632
"4.5 < z < 5.5" 9.545454545454545 0.0003567402052092877 0.00031781846816970096 0.00040440627285207774
"4.5 < z < 5.5" 9.606060606060606 0.00031209768046070564 0.0002773679751148382 0.0003549377863148491
"4.5 < z < 5.5" 9.666666666666668 0.0002735387086338044 0.0002422617694955542 0.00031072405880973894
"4.5 < z < 5.5" 9.727272727272727 0.00023916346162579654 0.0002115992504046914 0.0002715844182662601
"4.5 < z < 5.5" 9.787878787878789 0.00020947402012833947 0.00018437571281697523 0.00023722610216403913
"4.5 < z < 5.5" 9.848484848484848 0.00018352263236406179 0.00016055102292886547 0.00020662823308378983
"4.5 < z < 5.5" 9.90909090909091 0.00015995801201252016 0.00014004220446654225 0.00017987373262311977
"4.5 < z < 5.5" 9.969696969696969 0.00013940799751086457 0.00012187023826990268 0.0001560048344262496
"4.5 < z < 5.5" 10.030303030303031 0.00012106096433092589 0.0001058318580934513 0.00013579385622180702
"4.5 < z < 5.5" 10.09090909090909 0.00010508177274799125 9.189006215071727e-05 0.00011810520355584869
"4.5 < z < 5.5" 10.151515151515152 9.102969111993708e-05 7.957148741793784e-05 0.00010257753019429617
"4.5 < z < 5.5" 10.212121212121213 7.897920413242006e-05 6.863125692523884e-05 8.932924050615431e-05
"4.5 < z < 5.5" 10.272727272727273 6.855537110847399e-05 5.932506944236945e-05 7.749406854368576e-05
"4.5 < z < 5.5" 10.333333333333334 5.9368232283353195e-05 5.088986790134225e-05 6.707258887894983e-05
"4.5 < z < 5.5" 10.393939393939394 5.104960093574569e-05 4.3632224496275646e-05 5.813389648103569e-05
"4.5 < z < 5.5" 10.454545454545455 4.397822399872097e-05 3.736163284090243e-05 5.0430273905546366e-05
"4.5 < z < 5.5" 10.515151515151516 3.798196509218156e-05 3.18793889049783e-05 4.378543235625984e-05
"4.5 < z < 5.5" 10.575757575757576 3.260401393658181e-05 2.702599755609867e-05 3.790670550362204e-05
"4.5 < z < 5.5" 10.636363636363637 2.800015201824378e-05 2.293041763485798e-05 3.269175061990935e-05
"4.5 < z < 5.5" 10.696969696969697 2.3868536499210406e-05 1.9423739219473645e-05 2.822555487509369e-05
"4.5 < z < 5.5" 10.757575757575758 2.0434655443460145e-05 1.633161634217628e-05 2.4461167923742824e-05
"4.5 < z < 5.5" 10.818181818181818 1.7386188564181385e-05 1.3621896631688774e-05 2.1078028896529735e-05
"4.5 < z < 5.5" 10.878787878787879 1.4778769112015506e-05 1.1434516054942883e-05 1.8229033713459803e-05
"4.5 < z < 5.5" 10.93939393939394 1.2509611528971144e-05 9.451615626357146e-06 1.5390941132855963e-05
"4.5 < z < 5.5" 11.0 1.0528107838111607e-05 7.670975159557715e-06 1.3141163482459593e-05
"4.5 < z < 5.5" 11.06060606060606 8.831534102594531e-06 6.341216798630797e-06 1.1114869344094188e-05
"4.5 < z < 5.5" 11.121212121212121 7.2781712619196905e-06 5.074872998570092e-06 9.411055846646257e-06
"4.5 < z < 5.5" 11.181818181818182 6.015004554421798e-06 4.008267311571566e-06 7.898061527678402e-06
"4.5 < z < 5.5" 11.242424242424242 4.951689470671091e-06 3.0021741567875374e-06 6.569793244147354e-06
"4.5 < z < 5.5" 11.303030303030303 3.983830451713441e-06 2.245641550764287e-06 5.428990768245013e-06
"4.5 < z < 5.5" 11.363636363636363 3.221773419354392e-06 1.6062218942852574e-06 4.541555203229486e-06
"4.5 < z < 5.5" 11.424242424242426 2.6173405659189367e-06 1.1329469183916203e-06 3.768506622960214e-06
"4.5 < z < 5.5" 11.484848484848484 2.1250504731558532e-06 6.890522660080736e-07 3.1149105514086513e-06
