SMF_fits.ecsv
# %ECSV 1.0
# ---
# datatype:
# - {name: Redshift, datatype: string}
# - {name: M_star, unit: solMass, datatype: float64}
# - {name: Phi, unit: 1 / (dex Mpc3), datatype: float64}
# - {name: Phi_16, unit: 1 / (dex Mpc3), datatype: float64}
# - {name: Phi_84, unit: 1 / (dex Mpc3), datatype: float64}
# meta: !!omap
# - cosmology: {H0: 70.0, Omega_lambda: 0.7, Omega_m: 0.3}
# - {IMF: Chabrier03}
# - {Best fit z<3.5: Double Schecter}
# - {Best fit 3.5z<5.5: Single Schecter}
# - {Best fit z>5.5: Double Power Law}
# schema: astropy-2.0
Redshift M_star Phi Phi_16 Phi_84
[from data line 1453]
"10.0 < z < 12.0" 10.212121212121213 1.9182629958440706e-07 1.6636706684519453e-09 4.583309243929683e-07
"10.0 < z < 12.0" 10.272727272727273 1.5413983246652283e-07 9.893405663611999e-10 3.8972261575819606e-07
"10.0 < z < 12.0" 10.333333333333334 1.210776167633596e-07 5.489250590439966e-10 3.3256043015806416e-07
"10.0 < z < 12.0" 10.393939393939394 9.26673853434119e-08 2.68817878704972e-10 2.8333569755076825e-07
"10.0 < z < 12.0" 10.454545454545455 7.356414633983229e-08 1.623794469315998e-10 2.440236389418087e-07
"10.0 < z < 12.0" 10.515151515151516 5.599406481665965e-08 8.948540523813679e-11 2.1036227726350053e-07
"10.0 < z < 12.0" 10.575757575757576 4.37404165577974e-08 4.830573323839551e-11 1.7823115480889593e-07
"10.0 < z < 12.0" 10.636363636363637 3.2477785135136294e-08 2.5414823726600993e-11 1.5277011312059933e-07
"10.0 < z < 12.0" 10.696969696969697 2.3020380133002717e-08 1.4388358282272299e-11 1.2963070169471287e-07
"10.0 < z < 12.0" 10.757575757575758 1.588287861982184e-08 6.628911277348991e-12 1.095960337644929e-07
"10.0 < z < 12.0" 10.818181818181818 1.1980106454175395e-08 3.5282410099439522e-12 9.253076136211469e-08
"10.0 < z < 12.0" 10.878787878787879 8.64525498663371e-09 1.5064135006201335e-12 7.91628743046266e-08
"10.0 < z < 12.0" 10.93939393939394 5.404011292201057e-09 6.192711534390751e-13 6.730802472142372e-08
"10.0 < z < 12.0" 11.0 3.7190351205896873e-09 3.488641152801354e-13 5.573761053452024e-08
"10.0 < z < 12.0" 11.06060606060606 2.2181062239168363e-09 1.6412084219903183e-13 4.628793393620921e-08
"10.0 < z < 12.0" 11.121212121212121 1.383023349928924e-09 7.286232531825644e-14 3.7170444000611476e-08
"10.0 < z < 12.0" 11.181818181818182 8.586262350175086e-10 2.5985797582253508e-14 3.085170520272995e-08
"10.0 < z < 12.0" 11.242424242424242 5.253318316400014e-10 1.2180865854332563e-14 2.50989333201249e-08
"10.0 < z < 12.0" 11.303030303030303 3.1417443565570237e-10 4.925544287123952e-15 2.0598598165530936e-08
"10.0 < z < 12.0" 11.363636363636363 2.279744875894685e-10 2.2130162778946246e-15 1.7006167054243722e-08
"10.0 < z < 12.0" 11.424242424242426 1.4202340313151112e-10 9.993738072010817e-16 1.4052168174734924e-08
"10.0 < z < 12.0" 11.484848484848484 9.35033700327708e-11 3.6945003747865807e-16 1.0950400456638634e-08
"10.0 < z < 12.0" 11.545454545454547 4.913320468939925e-11 1.6453950017359296e-16 8.386320950365222e-09
"10.0 < z < 12.0" 11.606060606060606 2.815146948308786e-11 7.801478042985037e-17 6.598438713230954e-09
"10.0 < z < 12.0" 11.666666666666668 1.420377018689421e-11 2.579796932406523e-17 5.068022019810337e-09
"10.0 < z < 12.0" 11.727272727272727 7.038938234931671e-12 9.862802758170693e-18 3.7514126093534366e-09
"10.0 < z < 12.0" 11.787878787878789 3.711340850518042e-12 4.020720019649934e-18 2.677917947181246e-09
"10.0 < z < 12.0" 11.848484848484848 2.190350844999503e-12 1.8035295104692873e-18 1.9254852500045353e-09
"10.0 < z < 12.0" 11.90909090909091 1.2966079909178486e-12 8.089252567077313e-19 1.309368291571334e-09
"10.0 < z < 12.0" 11.969696969696969 7.631628866319621e-13 3.7536819710841545e-19 8.530481036593737e-10
"10.0 < z < 12.0" 12.030303030303031 4.035268362083707e-13 1.4478975601735983e-19 5.739800156186688e-10
"10.0 < z < 12.0" 12.09090909090909 2.0044560690544782e-13 6.380822266648787e-20 3.654872005385454e-10
"10.0 < z < 12.0" 12.151515151515152 9.681530390822763e-14 3.123308456856065e-20 2.504433353906195e-10
"10.0 < z < 12.0" 12.212121212121211 5.381126142175845e-14 1.334542727953019e-20 1.4960254997510718e-10
"10.0 < z < 12.0" 12.272727272727273 3.184270883108783e-14 6.2416390965848356e-21 9.632625613807346e-11
"10.0 < z < 12.0" 12.333333333333334 1.9537721016560205e-14 2.3275574300092726e-21 6.692863582568116e-11
"10.0 < z < 12.0" 12.393939393939394 1.1466744207418711e-14 8.687600464695088e-22 4.313267700689779e-11
"10.0 < z < 12.0" 12.454545454545455 6.809001187843306e-15 3.6226090797493114e-22 3.0246996380245024e-11
"10.0 < z < 12.0" 12.515151515151516 3.621421082583659e-15 1.505819397351284e-22 1.9690217549006546e-11
"10.0 < z < 12.0" 12.575757575757576 2.14704287968092e-15 6.455855356266372e-23 1.302509600782039e-11
"10.0 < z < 12.0" 12.636363636363637 1.1157396697418491e-15 2.7804559406321525e-23 9.23057945035383e-12
"10.0 < z < 12.0" 12.696969696969697 6.195229230461505e-16 1.1711785054962306e-23 6.4248886936926365e-12
"10.0 < z < 12.0" 12.757575757575758 3.76849293097658e-16 4.734985372098781e-24 4.627453973647112e-12
"10.0 < z < 12.0" 12.818181818181818 1.9721928339330536e-16 1.8726413628487552e-24 3.3175562411147244e-12
"10.0 < z < 12.0" 12.878787878787879 9.379336051821318e-17 6.642072770216691e-25 2.3350025351043257e-12
"10.0 < z < 12.0" 12.93939393939394 3.926884916574418e-17 2.637470651996973e-25 1.7138049890999134e-12
"10.0 < z < 12.0" 13.0 1.8043210012920436e-17 1.1942064877933656e-25 1.2362198700446878e-12
