SMF_fits.ecsv
# %ECSV 1.0
# ---
# datatype:
# - {name: Redshift, datatype: string}
# - {name: M_star, unit: solMass, datatype: float64}
# - {name: Phi, unit: 1 / (dex Mpc3), datatype: float64}
# - {name: Phi_16, unit: 1 / (dex Mpc3), datatype: float64}
# - {name: Phi_84, unit: 1 / (dex Mpc3), datatype: float64}
# meta: !!omap
# - cosmology: {H0: 70.0, Omega_lambda: 0.7, Omega_m: 0.3}
# - {IMF: Chabrier03}
# - {Best fit z<3.5: Double Schecter}
# - {Best fit 3.5z<5.5: Single Schecter}
# - {Best fit z>5.5: Double Power Law}
# schema: astropy-2.0
Redshift M_star Phi Phi_16 Phi_84
[from data line 329]
"1.1 < z < 1.5" 8.757575757575758 0.009078826810785572 0.008499321100687254 0.009669444542560114
"1.1 < z < 1.5" 8.818181818181818 0.00855211921598102 0.007994606464800168 0.009101462817657965
"1.1 < z < 1.5" 8.878787878787879 0.008052053074559539 0.007524077491705388 0.008599437974885273
"1.1 < z < 1.5" 8.93939393939394 0.007587953114115507 0.007053900961848749 0.008106683666114148
"1.1 < z < 1.5" 9.0 0.007150237243443783 0.006615815886036241 0.007640686724452861
"1.1 < z < 1.5" 9.06060606060606 0.0067276637451319 0.0062260380836282655 0.007194181501591046
"1.1 < z < 1.5" 9.121212121212121 0.006337412038554558 0.005838643702957745 0.006771456872626253
"1.1 < z < 1.5" 9.181818181818182 0.005962815922283739 0.005486127414084055 0.006390891566567683
"1.1 < z < 1.5" 9.242424242424242 0.005612821660129724 0.005152128931399838 0.006029258614632581
"1.1 < z < 1.5" 9.303030303030303 0.005278237453992529 0.0048388969239888755 0.005671364692721051
"1.1 < z < 1.5" 9.363636363636363 0.004969678609376558 0.004535695294512261 0.005342030707959604
"1.1 < z < 1.5" 9.424242424242424 0.00466973024985325 0.004258533109140263 0.005043853929406084
"1.1 < z < 1.5" 9.484848484848484 0.004388582157008557 0.004011579187747872 0.004761397466506718
"1.1 < z < 1.5" 9.545454545454545 0.004121470366487693 0.0037608878112356807 0.004491290045476865
"1.1 < z < 1.5" 9.606060606060606 0.0038751307221582187 0.003531028930650855 0.004230967628680717
"1.1 < z < 1.5" 9.666666666666668 0.0036456714690502262 0.003309384819695196 0.003984077574395118
"1.1 < z < 1.5" 9.727272727272727 0.0034349079793912704 0.0031108165396494672 0.0037738429150921842
"1.1 < z < 1.5" 9.787878787878789 0.003247052709405171 0.0029187214856343895 0.00356070051684938
"1.1 < z < 1.5" 9.848484848484848 0.003056934143257353 0.0027257860991306473 0.003360768653221402
"1.1 < z < 1.5" 9.90909090909091 0.0028801727270921294 0.002559427479311161 0.003191184548570488
"1.1 < z < 1.5" 9.969696969696969 0.0027185715430237734 0.002400642214406593 0.0030389342288842168
"1.1 < z < 1.5" 10.030303030303031 0.0025702516024508322 0.0022556443623045286 0.002879450203523962
"1.1 < z < 1.5" 10.09090909090909 0.002433398991391858 0.0021279135188902202 0.0027302180518017838
"1.1 < z < 1.5" 10.151515151515152 0.002313153121728997 0.002017347347823411 0.002598931046112359
"1.1 < z < 1.5" 10.212121212121213 0.0022007838938779625 0.0019147278051436754 0.0024760616883063653
"1.1 < z < 1.5" 10.272727272727273 0.0020973552095216465 0.0018198037647484545 0.0023756183367494095
"1.1 < z < 1.5" 10.333333333333334 0.002010033770117192 0.001741686307899399 0.002273060647699412
"1.1 < z < 1.5" 10.393939393939394 0.0019251388701244374 0.0016763961890547399 0.00218334389651373
"1.1 < z < 1.5" 10.454545454545455 0.0018426352797869343 0.0016189595743554043 0.0020853922142966643
"1.1 < z < 1.5" 10.515151515151516 0.0017584396709010664 0.0015479973903106939 0.001998566601652524
"1.1 < z < 1.5" 10.575757575757576 0.001667878882809755 0.0014613765513139994 0.0019117414745682055
"1.1 < z < 1.5" 10.636363636363637 0.0015774669153942223 0.001371960945213156 0.0018225057487082886
"1.1 < z < 1.5" 10.696969696969697 0.001465399140592143 0.0012655506220246291 0.0017168280307540509
"1.1 < z < 1.5" 10.757575757575758 0.0013398201740172306 0.001140132732703247 0.0016015745733517978
"1.1 < z < 1.5" 10.818181818181818 0.0012047069165755273 0.0010075403983584722 0.0014634160625537603
"1.1 < z < 1.5" 10.878787878787879 0.0010458895414701725 0.0008734463150915254 0.0012851370358153756
"1.1 < z < 1.5" 10.93939393939394 0.000882991381398107 0.0007255597246323932 0.0010876166705750168
"1.1 < z < 1.5" 11.0 0.000716883934430711 0.0005867571148052943 0.0008844738113510989
"1.1 < z < 1.5" 11.06060606060606 0.0005497337098570283 0.0004482286396462322 0.0006754197279721139
"1.1 < z < 1.5" 11.121212121212121 0.00040209995102626425 0.00032552411195163996 0.0004912014713547508
"1.1 < z < 1.5" 11.181818181818182 0.0002731869441275643 0.00021923036206323465 0.00033539697863411847
"1.1 < z < 1.5" 11.242424242424242 0.00017496098367129128 0.00013367543142636329 0.00021676926324793808
"1.1 < z < 1.5" 11.303030303030303 0.00010147427644819784 7.360525341415634e-05 0.00013099358454005344
"1.1 < z < 1.5" 11.363636363636363 5.362424972111531e-05 3.4527737006988184e-05 7.370093300975426e-05
"1.1 < z < 1.5" 11.424242424242426 2.4983658469799958e-05 1.386168583855922e-05 3.815612826758245e-05
"1.1 < z < 1.5" 11.484848484848484 1.020185266762299e-05 4.7252690185620194e-06 1.7965884376084102e-05
"1.1 < z < 1.5" 11.545454545454547 3.46330434905048e-06 1.3191395375407615e-06 7.44406152142508e-06
"1.1 < z < 1.5" 11.606060606060606 1.0244861523628417e-06 2.8984727615553286e-07 2.7400058463803337e-06
"1.1 < z < 1.5" 11.666666666666668 2.3432379684100046e-07 4.7630985060490974e-08 8.6477012376658e-07
"1.1 < z < 1.5" 11.727272727272727 4.3104936018781944e-08 6.0943994307790975e-09 2.3335288222994947e-07
"1.1 < z < 1.5" 11.787878787878789 6.014478870211334e-09 5.259704388136e-10 4.88129954319376e-08
"1.1 < z < 1.5" 11.848484848484848 6.110027828086648e-10 3.1379302020214734e-11 8.095493471342327e-09
"1.1 < z < 1.5" 11.90909090909091 4.3324271008920744e-11 1.1288718050820818e-12 1.0210633040144572e-09
"1.1 < z < 1.5" 11.969696969696969 2.0323807286199914e-12 2.3743025168693783e-14 8.979001932985696e-11
"1.1 < z < 1.5" 12.030303030303031 5.714428846716071e-14 2.594787598523786e-16 5.6334087630757456e-12
"1.1 < z < 1.5" 12.09090909090909 8.928741090895978e-16 1.4705642636830507e-18 2.3277464942130485e-13
"1.1 < z < 1.5" 12.151515151515152 6.8860855350135474e-18 3.468735310280815e-21 5.623354734113292e-15
"1.1 < z < 1.5" 12.212121212121211 2.7323464057060065e-20 3.745434308758771e-24 8.477921983334188e-17
"1.1 < z < 1.5" 12.272727272727273 4.8886014886566436e-23 1.3729839729495988e-27 6.408964298549407e-19
"1.1 < z < 1.5" 12.333333333333334 3.711519267063517e-26 1.4092309027625845e-31 2.3871202940889884e-21
"1.1 < z < 1.5" 12.393939393939394 8.810355199196745e-30 3.5721349656612174e-36 3.718769767393992e-24
"1.1 < z < 1.5" 12.454545454545455 5.2466531873812295e-34 1.5896608808157301e-41 2.2027461495457298e-27
"1.1 < z < 1.5" 12.515151515151516 8.496419962472254e-39 1.52399549957862e-47 4.167978021478533e-31
"1.1 < z < 1.5" 12.575757575757576 2.1464466230357715e-44 1.1388124894969135e-54 2.135804371220158e-35
"1.1 < z < 1.5" 12.636363636363637 1.087853731299267e-50 1.4346073034835e-62 2.8476645130862463e-40
"1.1 < z < 1.5" 12.696969696969697 3.320768801392333e-58 4.252111164754496e-72 5.237271504707619e-46
"1.1 < z < 1.5" 12.757575757575758 1.7773077809068762e-66 1.970622748379233e-82 2.1392029461003678e-52
"1.1 < z < 1.5" 12.818181818181818 1.3026991529894067e-76 2.798531601651308e-95 4.8025711743200575e-60
"1.1 < z < 1.5" 12.878787878787879 1.690845883248362e-87 7.158802398927573e-109 2.1151611092631554e-68
"1.1 < z < 1.5" 12.93939393939394 4.7483781231704815e-101 4.617824506632336e-126 1.239380265048425e-78
"1.1 < z < 1.5" 13.0 2.7150758839859716e-115 6.608593692569471e-144 1.5181176289518932e-89
"1.5 < z < 2.0" 7.0 0.08429056830333166 0.0683384757666791 0.10637622050389772
"1.5 < z < 2.0" 7.0606060606060606 0.07829745674423837 0.06394215512545169 0.09786195540646009
"1.5 < z < 2.0" 7.121212121212121 0.0728265774055029 0.059873325152504014 0.09004463821246021
"1.5 < z < 2.0" 7.181818181818182 0.06772274715998836 0.055932255405917584 0.08295399135914647
"1.5 < z < 2.0" 7.242424242424242 0.06273943086076485 0.05227767458905608 0.07641468960498952
"1.5 < z < 2.0" 7.303030303030303 0.05823111721435878 0.04873132015285297 0.07048930081949001
"1.5 < z < 2.0" 7.363636363636363 0.054079488647773816 0.04551945906694298 0.06498352219704571
"1.5 < z < 2.0" 7.424242424242424 0.05026195422955877 0.04250830306340756 0.05984620564043813
"1.5 < z < 2.0" 7.484848484848484 0.046721249425862324 0.03972943400569918 0.055090932556899085
"1.5 < z < 2.0" 7.545454545454545 0.04336137318302415 0.03720125352471417 0.050888415696577385
"1.5 < z < 2.0" 7.606060606060606 0.04019511450998226 0.034679232809686475 0.04692231404449778
"1.5 < z < 2.0" 7.666666666666667 0.03733519811739782 0.03242293320561466 0.043342391237636176
"1.5 < z < 2.0" 7.7272727272727275 0.034664648852707675 0.030246980203554978 0.03997124662273778
"1.5 < z < 2.0" 7.787878787878788 0.03224456108916977 0.02822059790904476 0.03677766609764518
"1.5 < z < 2.0" 7.848484848484849 0.02992898001642494 0.02631348847212872 0.03394980132795024
"1.5 < z < 2.0" 7.909090909090909 0.02775751249968943 0.024581010374627114 0.03136971364743629
"1.5 < z < 2.0" 7.96969696969697 0.0258576384410942 0.022963607138361444 0.02890969022458748
"1.5 < z < 2.0" 8.030303030303031 0.0240273679847087 0.02138634855339372 0.02669708869106713
"1.5 < z < 2.0" 8.09090909090909 0.022273184764532702 0.0199505959468061 0.02466557382305088
"1.5 < z < 2.0" 8.151515151515152 0.020719477532237237 0.018618574828092684 0.022815818691770875
"1.5 < z < 2.0" 8.212121212121213 0.019246100397201985 0.017365683955598964 0.021096835192382014
"1.5 < z < 2.0" 8.272727272727273 0.01787423210010627 0.016193335126448313 0.01951947290206671
"1.5 < z < 2.0" 8.333333333333334 0.01659846690731786 0.015084811082369103 0.01802483625783618
"1.5 < z < 2.0" 8.393939393939394 0.015389060805166365 0.014032658323307783 0.01669925093599317
"1.5 < z < 2.0" 8.454545454545455 0.014270600502049762 0.013051249866106744 0.01548181377754633
"1.5 < z < 2.0" 8.515151515151516 0.013231069673828946 0.012119117098690832 0.014355402723512871
"1.5 < z < 2.0" 8.575757575757576 0.012286890815702084 0.011232996451584978 0.013294881774795781
"1.5 < z < 2.0" 8.636363636363637 0.011390092107597585 0.010444429101737908 0.01231920151844069
"1.5 < z < 2.0" 8.696969696969697 0.01056168327012203 0.009746080767058537 0.01143863939598522
"1.5 < z < 2.0" 8.757575757575758 0.00981568189621702 0.009059516742997075 0.010602507618930366
"1.5 < z < 2.0" 8.818181818181818 0.009104575181334909 0.008418022724454839 0.009848734995449818
"1.5 < z < 2.0" 8.878787878787879 0.008466695705831683 0.007819484490614433 0.009139954318890463
"1.5 < z < 2.0" 8.93939393939394 0.007856352182032917 0.007263326201937009 0.008496242459615649
"1.5 < z < 2.0" 9.0 0.0073167485326212514 0.006739335318984441 0.00790121934531869
"1.5 < z < 2.0" 9.06060606060606 0.006795249325131435 0.006267529893525187 0.007350277207011838
"1.5 < z < 2.0" 9.121212121212121 0.006323871020037626 0.0058257585528871175 0.006826796082341562
"1.5 < z < 2.0" 9.181818181818182 0.005877019832422612 0.005415745474223061 0.006354546404707821
"1.5 < z < 2.0" 9.242424242424242 0.0054639739891783785 0.005023788655160179 0.005902473828740097
"1.5 < z < 2.0" 9.303030303030303 0.005083469392350574 0.004669773818438076 0.005489726619917799
"1.5 < z < 2.0" 9.363636363636363 0.004721377828664797 0.004324248449606904 0.005098690198039856
"1.5 < z < 2.0" 9.424242424242424 0.004376567138084316 0.004016207914079546 0.004740692149428472
"1.5 < z < 2.0" 9.484848484848484 0.004069017859019808 0.003733698697490871 0.004417210553422417
"1.5 < z < 2.0" 9.545454545454545 0.003788784656588884 0.0034718087190244505 0.004107743856801657
"1.5 < z < 2.0" 9.606060606060606 0.0035279711750739696 0.0032264885849168177 0.0038238051060139537
"1.5 < z < 2.0" 9.666666666666668 0.00328006708357693 0.002991672621748233 0.0035670863821685495
"1.5 < z < 2.0" 9.727272727272727 0.0030585394597169705 0.0027758197385439297 0.0033203354093192354
"1.5 < z < 2.0" 9.787878787878789 0.002842026546726925 0.0025733736899020625 0.0031040519317757647
"1.5 < z < 2.0" 9.848484848484848 0.002649344915483924 0.002395270227507552 0.0028998631274891867
"1.5 < z < 2.0" 9.90909090909091 0.0024726754100252903 0.0022264742550855534 0.0027046225043095003
"1.5 < z < 2.0" 9.969696969696969 0.0023066201612897737 0.002068429264770228 0.002534127707482295
"1.5 < z < 2.0" 10.030303030303031 0.002152138713669628 0.0019188204749163806 0.0023801063997112193
"1.5 < z < 2.0" 10.09090909090909 0.00200990889699263 0.0017862932864959459 0.0022302503429081346
"1.5 < z < 2.0" 10.151515151515152 0.0018840091366339512 0.0016696145867938954 0.002104751895523953
"1.5 < z < 2.0" 10.212121212121213 0.0017618923025472485 0.0015625936598729702 0.001981146285918036
"1.5 < z < 2.0" 10.272727272727273 0.0016550685145071868 0.0014673400290382756 0.0018664913459282531
"1.5 < z < 2.0" 10.333333333333334 0.0015633257232004053 0.001371214452369804 0.0017571254185295851
"1.5 < z < 2.0" 10.393939393939394 0.0014684052266685837 0.001286981023807686 0.0016489971272959478
"1.5 < z < 2.0" 10.454545454545455 0.0013810280079150155 0.0012077859167021073 0.0015525555757683516
"1.5 < z < 2.0" 10.515151515151516 0.0012942950726238535 0.0011319540229213015 0.0014633056103435496
"1.5 < z < 2.0" 10.575757575757576 0.001204887788867148 0.001046938362969 0.0013768017074190166
"1.5 < z < 2.0" 10.636363636363637 0.0011104309318921127 0.0009647429885998402 0.0012789979479784271
"1.5 < z < 2.0" 10.696969696969697 0.0010128344953972883 0.0008763802929720653 0.001180132480816604
"1.5 < z < 2.0" 10.757575757575758 0.0009097726037210066 0.0007827164038171761 0.00107923741336857
"1.5 < z < 2.0" 10.818181818181818 0.0008069812666238707 0.0006910332811997268 0.000961668160111612
"1.5 < z < 2.0" 10.878787878787879 0.0006998205495964421 0.0005932516706421766 0.0008371028163683769
"1.5 < z < 2.0" 10.93939393939394 0.0005933166767075623 0.0004939274877188957 0.0007060187934207904
"1.5 < z < 2.0" 11.0 0.00048365574906817125 0.00039965230044602213 0.0005747325981691749
"1.5 < z < 2.0" 11.06060606060606 0.0003777827577826834 0.0003117536574647485 0.00045119059356248326
"1.5 < z < 2.0" 11.121212121212121 0.0002821769470754275 0.00023373328025261974 0.0003372222920824875
"1.5 < z < 2.0" 11.181818181818182 0.0002004522437030253 0.000159075563194907 0.00024187078330697878
"1.5 < z < 2.0" 11.242424242424242 0.00013389427791393594 9.975768123676437e-05 0.00016491984933618764
"1.5 < z < 2.0" 11.303030303030303 8.369705060833818e-05 5.7192416063191465e-05 0.00010809980458084937
"1.5 < z < 2.0" 11.363636363636363 4.799923151452015e-05 2.898122860174331e-05 6.550301223722272e-05
"1.5 < z < 2.0" 11.424242424242426 2.4985189769619475e-05 1.2569243655053122e-05 3.855178591067118e-05
"1.5 < z < 2.0" 11.484848484848484 1.1554228550121211e-05 4.707792561715916e-06 2.038794839813275e-05
"1.5 < z < 2.0" 11.545454545454547 4.685368591104725e-06 1.47490257900556e-06 1.0058945560834546e-05
"1.5 < z < 2.0" 11.606060606060606 1.6218996541091543e-06 3.7682986869516213e-07 4.397676637925179e-06
"1.5 < z < 2.0" 11.666666666666668 4.780379044295163e-07 7.498068631178256e-08 1.7214163543696013e-06
"1.5 < z < 2.0" 11.727272727272727 1.1160008678353704e-07 1.1589820201016928e-08 5.604021156097237e-07
"1.5 < z < 2.0" 11.787878787878789 2.033401640973378e-08 1.2944941621867711e-09 1.4873021572340896e-07
"1.5 < z < 2.0" 11.848484848484848 2.884111536193585e-09 1.0245324350711216e-10 3.453237609600324e-08
"1.5 < z < 2.0" 11.90909090909091 3.053236155599563e-10 5.2192850546136185e-12 6.242531495262655e-09
"1.5 < z < 2.0" 11.969696969696969 2.3421624134918314e-11 1.6810528188838737e-13 8.808374307816551e-10
"1.5 < z < 2.0" 12.030303030303031 1.1890064712803045e-12 2.98405491285559e-15 9.108525121469062e-11
"1.5 < z < 2.0" 12.09090909090909 3.678548041531786e-14 3.226971467681678e-17 6.587038754938296e-12
"1.5 < z < 2.0" 12.151515151515152 6.123690581326479e-16 1.5517202543293586e-19 3.20969696538439e-13
"1.5 < z < 2.0" 12.212121212121211 5.6941030512306106e-18 3.628331467300618e-22 1.1092788729764381e-14
"1.5 < z < 2.0" 12.272727272727273 3.072094424795155e-20 3.041577594112065e-25 2.1068474190600289e-16
"1.5 < z < 2.0" 12.333333333333334 6.650429506089044e-23 9.583988144509341e-29 2.2659567457405752e-18
"1.5 < z < 2.0" 12.393939393939394 6.304111287035775e-26 8.259458620017601e-33 1.2741075814216672e-20
