SMF_fits.ecsv
# %ECSV 1.0
# ---
# datatype:
# - {name: Redshift, datatype: string}
# - {name: M_star, unit: solMass, datatype: float64}
# - {name: Phi, unit: 1 / (dex Mpc3), datatype: float64}
# - {name: Phi_16, unit: 1 / (dex Mpc3), datatype: float64}
# - {name: Phi_84, unit: 1 / (dex Mpc3), datatype: float64}
# meta: !!omap
# - cosmology: {H0: 70.0, Omega_lambda: 0.7, Omega_m: 0.3}
# - {IMF: Chabrier03}
# - {Best fit z<3.5: Double Schecter}
# - {Best fit 3.5z<5.5: Single Schecter}
# - {Best fit z>5.5: Double Power Law}
# schema: astropy-2.0
Redshift M_star Phi Phi_16 Phi_84
[from data line 654]
"2.5 < z < 3.0" 10.272727272727273 0.0006975298461814531 0.0005989474260817656 0.0007981058948226144
"2.5 < z < 3.0" 10.333333333333334 0.0006427924506745636 0.0005514637269531393 0.0007382346051729627
"2.5 < z < 3.0" 10.393939393939394 0.0005884942791818475 0.000504755557972206 0.0006773455333305536
"2.5 < z < 3.0" 10.454545454545455 0.0005399922264128393 0.000460619990776548 0.0006198071494533261
"2.5 < z < 3.0" 10.515151515151516 0.0004940708247248447 0.00042096190358361925 0.0005656705644761237
"2.5 < z < 3.0" 10.575757575757576 0.0004495837742522291 0.0003812351251309586 0.0005133184583233599
"2.5 < z < 3.0" 10.636363636363637 0.0004038035722892071 0.00034126732276832777 0.000459950324588691
"2.5 < z < 3.0" 10.696969696969697 0.00035719565065994333 0.00030067599469747996 0.00040987179354280045
"2.5 < z < 3.0" 10.757575757575758 0.0003124021933621688 0.0002580086171679343 0.0003586025618680663
"2.5 < z < 3.0" 10.818181818181818 0.00026777846147722225 0.0002188847958247006 0.00030927917893722575
"2.5 < z < 3.0" 10.878787878787879 0.0002251262548637257 0.00018189291489131149 0.0002631024188823673
"2.5 < z < 3.0" 10.93939393939394 0.00018454982420491615 0.0001472742895099816 0.00021864803833792642
"2.5 < z < 3.0" 11.0 0.00014742720010239537 0.00011355176222149745 0.00017743879503452552
"2.5 < z < 3.0" 11.06060606060606 0.00011451534979700005 8.203195313155372e-05 0.00014049807945070214
"2.5 < z < 3.0" 11.121212121212121 8.504589010195754e-05 5.5009253624207825e-05 0.00010971977078436764
"2.5 < z < 3.0" 11.181818181818182 5.853171769475161e-05 3.463607612893979e-05 8.258157029331665e-05
"2.5 < z < 3.0" 11.242424242424242 3.8256761678154496e-05 1.937088726357245e-05 5.9771026065691686e-05
"2.5 < z < 3.0" 11.303030303030303 2.3137995202161612e-05 9.790934492652222e-06 4.120311727875234e-05
"2.5 < z < 3.0" 11.363636363636363 1.2934141823192926e-05 4.411897934817137e-06 2.722494887135027e-05
"2.5 < z < 3.0" 11.424242424242426 6.54109702266628e-06 1.73668561187093e-06 1.663408450583749e-05
"2.5 < z < 3.0" 11.484848484848484 3.0002785774031847e-06 5.828399739263572e-07 9.425921788078475e-06
"2.5 < z < 3.0" 11.545454545454547 1.2020633654178275e-06 1.6472344395938428e-07 4.866459989809877e-06
"2.5 < z < 3.0" 11.606060606060606 4.2669638918856145e-07 3.662066609277465e-08 2.3438374643779112e-06
"2.5 < z < 3.0" 11.666666666666668 1.2542077516518786e-07 6.206744921103753e-09 9.544550735125497e-07
"2.5 < z < 3.0" 11.727272727272727 2.980360705758032e-08 8.670552177441033e-10 3.659864225616291e-07
"2.5 < z < 3.0" 11.787878787878789 5.758336799767929e-09 7.932536009796859e-11 1.2008455601217029e-07
"2.5 < z < 3.0" 11.848484848484848 8.691634673986637e-10 5.494555907916612e-12 3.282587850814017e-08
"2.5 < z < 3.0" 11.90909090909091 1.0043234623360163e-10 2.5345985834691874e-13 7.473250281172379e-09
"2.5 < z < 3.0" 11.969696969696969 8.455319548780597e-12 6.918897485619117e-15 1.4105172177004803e-09
"2.5 < z < 3.0" 12.030303030303031 4.739475088266216e-13 9.237299771239965e-17 1.9032158180627892e-10
"2.5 < z < 3.0" 12.09090909090909 1.7198125875318876e-14 7.255737919502308e-19 1.925762445686831e-11
"2.5 < z < 3.0" 12.151515151515152 3.521959044838675e-16 2.139301235622297e-21 1.4439149058904695e-12
"2.5 < z < 3.0" 12.212121212121211 4.529218070117023e-18 3.2665791796801398e-24 7.337220532629685e-14
"2.5 < z < 3.0" 12.272727272727273 2.8539696397663983e-20 1.4600242508116336e-27 2.2357920812343823e-15
"2.5 < z < 3.0" 12.333333333333334 7.915318117119008e-23 2.2323142556365324e-31 4.305220572243019e-17
"2.5 < z < 3.0" 12.393939393939394 9.56898827903434e-26 1.1412996349854574e-35 4.472544087907587e-19
"2.5 < z < 3.0" 12.454545454545455 4.4278312703193054e-29 1.1869151704567911e-40 2.1992101694268785e-21
"2.5 < z < 3.0" 12.515151515151516 6.672349528724579e-33 3.2746041240114883e-46 4.438733494392417e-24
"2.5 < z < 3.0" 12.575757575757576 2.1841744831746555e-37 6.972614903423855e-53 3.853076074777083e-27
"2.5 < z < 3.0" 12.636363636363637 1.7048362450661292e-42 2.338293927402486e-60 1.3089414558885879e-30
"2.5 < z < 3.0" 12.696969696969697 1.938426442435116e-48 2.917797978062178e-69 1.1761391812653848e-34
"2.5 < z < 3.0" 12.757575757575758 4.56585839539957e-55 4.702963545217963e-79 3.14681755698492e-39
"2.5 < z < 3.0" 12.818181818181818 5.116980591143973e-63 4.0493273449630615e-91 1.3025153995692944e-44
"2.5 < z < 3.0" 12.878787878787879 1.1152623543178059e-71 7.999971779248835e-104 1.3011970783858756e-50
"2.5 < z < 3.0" 12.93939393939394 2.781450090379006e-82 8.333586380542743e-120 8.424210065988825e-58
"2.5 < z < 3.0" 13.0 1.2967647486084497e-93 1.7049331365871433e-136 1.1969007000411136e-65
"3.0 < z < 3.5" 7.0 0.029532119922454445 0.02157938248620054 0.041099294545626004
"3.0 < z < 3.5" 7.0606060606060606 0.02751686389853148 0.02024512905224559 0.03806905092331321
"3.0 < z < 3.5" 7.121212121212121 0.02566205277825113 0.019003363495835382 0.035162291063843505
"3.0 < z < 3.5" 7.181818181818182 0.023920462761167827 0.017844303140017066 0.03251694470205875
"3.0 < z < 3.5" 7.242424242424242 0.022296422343862407 0.016800820004549386 0.030071980228741524
"3.0 < z < 3.5" 7.303030303030303 0.02078101379491704 0.01573895086432753 0.027809941958277934
"3.0 < z < 3.5" 7.363636363636363 0.019368496998216828 0.014750819343251486 0.025661377112899193
"3.0 < z < 3.5" 7.424242424242424 0.018058175349455693 0.013843315155971678 0.023653760597541797
"3.0 < z < 3.5" 7.484848484848484 0.016826485728195728 0.013012610819516938 0.02186054520523798
"3.0 < z < 3.5" 7.545454545454545 0.015680819351533218 0.012178752653578463 0.020232368765520713
"3.0 < z < 3.5" 7.606060606060606 0.01461785344395158 0.01140290121341832 0.01864349667855354
"3.0 < z < 3.5" 7.666666666666667 0.01361712283442758 0.010726482369345099 0.01726181628589033
"3.0 < z < 3.5" 7.7272727272727275 0.01268882384292566 0.010089358564643111 0.015958844254002357
"3.0 < z < 3.5" 7.787878787878788 0.011824662541888773 0.009468927312901311 0.014774562667938966
"3.0 < z < 3.5" 7.848484848484849 0.01101669280978064 0.008876990298627043 0.013659437225555552
"3.0 < z < 3.5" 7.909090909090909 0.010260265537688709 0.008326755348660834 0.012625072142169857
"3.0 < z < 3.5" 7.96969696969697 0.00955955480088563 0.007804014072575286 0.01167355939494766
"3.0 < z < 3.5" 8.030303030303031 0.008900068004829712 0.007322674160428518 0.010807749092074777
"3.0 < z < 3.5" 8.09090909090909 0.008287070759749325 0.006873373659618374 0.009987900242183226
"3.0 < z < 3.5" 8.151515151515152 0.007721013298771605 0.006455362845961091 0.009243260570169354
"3.0 < z < 3.5" 8.212121212121213 0.007196403891722728 0.006042589797522625 0.008551707610830007
"3.0 < z < 3.5" 8.272727272727273 0.0067068786482514485 0.005671946018892679 0.007896795189333788
"3.0 < z < 3.5" 8.333333333333334 0.006241445923666881 0.0053237374760803525 0.007283130195447992
"3.0 < z < 3.5" 8.393939393939394 0.005800510604027224 0.004992755397494489 0.006712636020766801
"3.0 < z < 3.5" 8.454545454545455 0.005376789156434271 0.004668555232760623 0.006125755090099241
"3.0 < z < 3.5" 8.515151515151516 0.004987620250620431 0.004319792161944608 0.005660851539755398
"3.0 < z < 3.5" 8.575757575757576 0.004644558446681299 0.004044598290391487 0.005241776285393388
"3.0 < z < 3.5" 8.636363636363637 0.004331160310300659 0.00379127085230572 0.004843205689404707
"3.0 < z < 3.5" 8.696969696969697 0.004035799893331385 0.0035524418831921066 0.004487307729947408
"3.0 < z < 3.5" 8.757575757575758 0.003759744055353746 0.0033349753472355363 0.004152401089802161
"3.0 < z < 3.5" 8.818181818181818 0.00349921777368865 0.0031186902111150507 0.003847678692426773
"3.0 < z < 3.5" 8.878787878787879 0.003255312995337932 0.002923710153940077 0.0035648165834242487
"3.0 < z < 3.5" 8.93939393939394 0.003026630422951456 0.002738341091323324 0.003302386493346472
"3.0 < z < 3.5" 9.0 0.0028247861152555106 0.0025610843298543838 0.003061770907652443
"3.0 < z < 3.5" 9.06060606060606 0.002628922419921369 0.0023855390813927557 0.0028407412623064083
"3.0 < z < 3.5" 9.121212121212121 0.002448205305225011 0.002227779893306997 0.002640108078895678
"3.0 < z < 3.5" 9.181818181818182 0.0022749984980521567 0.0020758348710328807 0.0024528730802357516
"3.0 < z < 3.5" 9.242424242424242 0.002115205312643996 0.0019371658947494996 0.0022803388109406612
"3.0 < z < 3.5" 9.303030303030303 0.0019681023199685276 0.0018022874023762916 0.0021180438389133654
"3.0 < z < 3.5" 9.363636363636363 0.0018290244109277454 0.001674418170715661 0.0019723090062865583
"3.0 < z < 3.5" 9.424242424242424 0.0017012919705601437 0.0015580187069824598 0.0018336347889807726
"3.0 < z < 3.5" 9.484848484848484 0.0015821266434698138 0.0014480058704953245 0.0017030268707007618
"3.0 < z < 3.5" 9.545454545454545 0.0014685071204368423 0.0013413473667340053 0.0015829916987749023
"3.0 < z < 3.5" 9.606060606060606 0.0013618688332890949 0.0012405700984653987 0.0014744765472578794
"3.0 < z < 3.5" 9.666666666666668 0.0012648392449984788 0.0011502593990285674 0.0013722122419840721
"3.0 < z < 3.5" 9.727272727272727 0.001174374406751514 0.0010630483880006408 0.0012755627150594661
"3.0 < z < 3.5" 9.787878787878789 0.001086767419430801 0.0009787594552764817 0.0011863197904680488
"3.0 < z < 3.5" 9.848484848484848 0.0010074399201754234 0.0009037970330166815 0.0011030741781469242
"3.0 < z < 3.5" 9.90909090909091 0.0009321000692561719 0.000831870640359781 0.0010237540764801057
"3.0 < z < 3.5" 9.969696969696969 0.0008603586394059737 0.0007656826622402328 0.0009500146622729497
"3.0 < z < 3.5" 10.030303030303031 0.0007944006457943062 0.0007031368990562194 0.0008793198043424968
"3.0 < z < 3.5" 10.09090909090909 0.0007323100541837769 0.0006452323141324267 0.0008125633095283695
"3.0 < z < 3.5" 10.151515151515152 0.0006735538353449423 0.0005907274536614988 0.0007485289995619808
"3.0 < z < 3.5" 10.212121212121213 0.0006179137859382763 0.0005393439571482452 0.0006891324530023659
"3.0 < z < 3.5" 10.272727272727273 0.0005647491224559951 0.000491661168908695 0.0006336307602211401
"3.0 < z < 3.5" 10.333333333333334 0.0005151685059282227 0.0004472619667213606 0.0005799082033731342
"3.0 < z < 3.5" 10.393939393939394 0.00046907967429299325 0.00040595464545550066 0.0005279001240637287
"3.0 < z < 3.5" 10.454545454545455 0.00042661412556390716 0.0003678733173596704 0.0004801357871194231
"3.0 < z < 3.5" 10.515151515151516 0.0003853461347860888 0.00033206230502708925 0.00043477009820332553
"3.0 < z < 3.5" 10.575757575757576 0.00034639608082003817 0.0002973300067028693 0.00039005813262652265
"3.0 < z < 3.5" 10.636363636363637 0.000309961937510699 0.00026472403686062456 0.0003501498289733797
"3.0 < z < 3.5" 10.696969696969697 0.00027555445412144846 0.00023563211365961725 0.0003116294706966369
"3.0 < z < 3.5" 10.757575757575758 0.00024322480845855742 0.00020897710724691006 0.0002758397512518666
"3.0 < z < 3.5" 10.818181818181818 0.00021276556072872066 0.00018310618303526356 0.00024208361730464835
"3.0 < z < 3.5" 10.878787878787879 0.00018452252293378742 0.00015883902357077546 0.00021090191324629225
"3.0 < z < 3.5" 10.93939393939394 0.0001587424964189249 0.0001353358184845945 0.00018228665264040394
"3.0 < z < 3.5" 11.0 0.00013510921099989568 0.00011375710613877632 0.00015612269456622105
"3.0 < z < 3.5" 11.06060606060606 0.00011313100916313763 9.465361354614202e-05 0.00013312840021831456
"3.0 < z < 3.5" 11.121212121212121 9.375361170306303e-05 7.6514822690569e-05 0.00011128560458012296
"3.0 < z < 3.5" 11.181818181818182 7.668086823685218e-05 6.010392487951872e-05 9.165236152043603e-05
"3.0 < z < 3.5" 11.242424242424242 6.101088295354823e-05 4.57522928089748e-05 7.52909903080637e-05
"3.0 < z < 3.5" 11.303030303030303 4.7848775126597605e-05 3.36277421419615e-05 6.011633397559233e-05
"3.0 < z < 3.5" 11.363636363636363 3.632168719693815e-05 2.418819785401402e-05 4.738124904119514e-05
"3.0 < z < 3.5" 11.424242424242426 2.66435963330573e-05 1.670206004839221e-05 3.710985735450208e-05
"3.0 < z < 3.5" 11.484848484848484 1.899069165730084e-05 1.0913421865481181e-05 2.8228300027251756e-05
"3.0 < z < 3.5" 11.545454545454547 1.2872412061758773e-05 6.667430200961774e-06 2.0778279627911466e-05
"3.0 < z < 3.5" 11.606060606060606 8.360877190184301e-06 3.794267091767724e-06 1.476854681784225e-05
"3.0 < z < 3.5" 11.666666666666668 5.081664175291328e-06 2.0179691157347713e-06 1.000352713331106e-05
"3.0 < z < 3.5" 11.727272727272727 2.9451111373274803e-06 9.700726499897415e-07 6.52604290811529e-06
"3.0 < z < 3.5" 11.787878787878789 1.5716977889976262e-06 4.1881743256248296e-07 4.003146880252194e-06
"3.0 < z < 3.5" 11.848484848484848 7.565936614411884e-07 1.6780148456551794e-07 2.31515656869131e-06
"3.0 < z < 3.5" 11.90909090909091 3.3354351406930354e-07 5.8057584980038987e-08 1.2901255739989365e-06
"3.0 < z < 3.5" 11.969696969696969 1.3427381583821099e-07 1.7162116220105616e-08 6.511384941996836e-07
"3.0 < z < 3.5" 12.030303030303031 4.668504450007685e-08 4.315098425333922e-09 2.991908418541267e-07
"3.0 < z < 3.5" 12.09090909090909 1.41210290871007e-08 8.906065489226611e-10 1.2538257384247415e-07
"3.0 < z < 3.5" 12.151515151515152 3.555109341056776e-09 1.4603725116174068e-10 4.529563795315506e-08
"3.0 < z < 3.5" 12.212121212121211 7.573775598708765e-10 1.8451747503325404e-11 1.4108251549882049e-08
"3.0 < z < 3.5" 12.272727272727273 1.274889922402432e-10 1.6432369345528145e-12 3.869630777409733e-09
"3.0 < z < 3.5" 12.333333333333334 1.6550423480797964e-11 1.059499495623315e-13 8.90940768274553e-10
"3.0 < z < 3.5" 12.393939393939394 1.5678655348467828e-12 4.642543888717762e-15 1.6335587987288335e-10
"3.0 < z < 3.5" 12.454545454545455 1.0737410629122014e-13 1.345040809426033e-16 2.4064284174095363e-11
"3.0 < z < 3.5" 12.515151515151516 4.970662415589009e-15 2.2724916682753898e-18 2.6836947791009177e-12
"3.0 < z < 3.5" 12.575757575757576 1.4979846697409628e-16 2.145659604134466e-20 2.035832065582413e-13
"3.0 < z < 3.5" 12.636363636363637 2.7173591734578565e-18 1.0196124613749745e-22 1.086033898390599e-14
"3.0 < z < 3.5" 12.696969696969697 2.716953896920295e-20 2.165874264935837e-25 3.9822352977945174e-16
"3.0 < z < 3.5" 12.757575757575758 1.410934970864899e-22 1.9120181259797877e-28 9.157809648634814e-18
"3.0 < z < 3.5" 12.818181818181818 3.1674918173890014e-25 5.422740270743531e-32 1.2111807977577126e-19
"3.0 < z < 3.5" 12.878787878787879 3.0497068400376297e-28 5.333875643491534e-36 8.71108665861705e-22
"3.0 < z < 3.5" 12.93939393939394 9.420626862299365e-32 1.0549705442230024e-40 2.9080291706951958e-24
"3.0 < z < 3.5" 13.0 1.0507182534384727e-35 6.0386453444709e-46 4.5095180367837834e-27
"3.5 < z < 4.5" 7.0 0.03591936836080043 0.02512867070200063 0.054731057298771396
"3.5 < z < 4.5" 7.0606060606060606 0.03293766953638577 0.023217009038846565 0.04964024530640006
"3.5 < z < 4.5" 7.121212121212121 0.030240967400250784 0.02156107248756841 0.04506079191011187
"3.5 < z < 4.5" 7.181818181818182 0.027766059963869445 0.019976476294847584 0.040903611041046326
"3.5 < z < 4.5" 7.242424242424242 0.025520600564197977 0.01843220570229235 0.03712370977353527
"3.5 < z < 4.5" 7.303030303030303 0.023406047167726936 0.017002967629543682 0.03361592156596879
"3.5 < z < 4.5" 7.363636363636363 0.021430189529580774 0.01573154848568089 0.03045342960061907
"3.5 < z < 4.5" 7.424242424242424 0.019595318473557756 0.014615746649622514 0.027578563283281395
"3.5 < z < 4.5" 7.484848484848484 0.01796369106126002 0.013491665275656803 0.025032045252849012
"3.5 < z < 4.5" 7.545454545454545 0.01644708971271075 0.012436598790721981 0.02270814409130426
"3.5 < z < 4.5" 7.606060606060606 0.015096502491621968 0.01149970511705256 0.02056658751533556
"3.5 < z < 4.5" 7.666666666666667 0.01383682065634351 0.010650091967656311 0.018610462497053677
"3.5 < z < 4.5" 7.7272727272727275 0.012678758717128875 0.009871371745662253 0.01686768136442667
"3.5 < z < 4.5" 7.787878787878788 0.01161218954755089 0.009135161635819672 0.015283592098230141
