SMF_fits.ecsv
# %ECSV 1.0
# ---
# datatype:
# - {name: Redshift, datatype: string}
# - {name: M_star, unit: solMass, datatype: float64}
# - {name: Phi, unit: 1 / (dex Mpc3), datatype: float64}
# - {name: Phi_16, unit: 1 / (dex Mpc3), datatype: float64}
# - {name: Phi_84, unit: 1 / (dex Mpc3), datatype: float64}
# meta: !!omap
# - cosmology: {H0: 70.0, Omega_lambda: 0.7, Omega_m: 0.3}
# - {IMF: Chabrier03}
# - {Best fit z<3.5: Double Schecter}
# - {Best fit 3.5z<5.5: Single Schecter}
# - {Best fit z>5.5: Double Power Law}
# schema: astropy-2.0
Redshift M_star Phi Phi_16 Phi_84
[from data line 1137]
"6.5 < z < 7.5" 9.242424242424242 0.00016378546328062627 0.00013450815278263082 0.00019549972415246704
"6.5 < z < 7.5" 9.303030303030303 0.00014091739125733386 0.00011610452485140488 0.00016823643852077136
"6.5 < z < 7.5" 9.363636363636363 0.00012129615856866217 0.00010037914271000882 0.00014504015614230162
"6.5 < z < 7.5" 9.424242424242424 0.0001042897164583825 8.678242936809035e-05 0.00012453186295806985
"6.5 < z < 7.5" 9.484848484848484 8.897019933975695e-05 7.495844091053783e-05 0.00010724544098970369
"6.5 < z < 7.5" 9.545454545454545 7.622084718013573e-05 6.47760165450068e-05 9.230686709441059e-05
"6.5 < z < 7.5" 9.606060606060606 6.571200217950569e-05 5.5393503505434154e-05 7.91010730867208e-05
"6.5 < z < 7.5" 9.666666666666668 5.642289090999501e-05 4.722562107533808e-05 6.811006401761907e-05
"6.5 < z < 7.5" 9.727272727272727 4.846733291592372e-05 4.0335395943137705e-05 5.810293792501975e-05
"6.5 < z < 7.5" 9.787878787878789 4.1561238104090166e-05 3.4329651756726615e-05 4.917188030725892e-05
"6.5 < z < 7.5" 9.848484848484848 3.538655372167881e-05 2.914039833289815e-05 4.2001517560472574e-05
"6.5 < z < 7.5" 9.90909090909091 2.9739291635130593e-05 2.4438809719636876e-05 3.5578916153613006e-05
"6.5 < z < 7.5" 9.969696969696969 2.5142756200895553e-05 2.0270351752822725e-05 3.007021474360074e-05
"6.5 < z < 7.5" 10.030303030303031 2.1113361548078618e-05 1.6657990028987705e-05 2.513083060370576e-05
"6.5 < z < 7.5" 10.09090909090909 1.7623542269812082e-05 1.3549335262676923e-05 2.1335708954494393e-05
"6.5 < z < 7.5" 10.151515151515152 1.4721543679941904e-05 1.0396356129961247e-05 1.808046840359196e-05
"6.5 < z < 7.5" 10.212121212121213 1.2157392032028064e-05 7.6717586739651e-06 1.5426068551384825e-05
"6.5 < z < 7.5" 10.272727272727273 1.01376047960312e-05 5.224066989976997e-06 1.3105770394503397e-05
"6.5 < z < 7.5" 10.333333333333334 8.42763812022306e-06 3.4351324205634296e-06 1.1101296656967843e-05
"6.5 < z < 7.5" 10.393939393939394 6.757836429548152e-06 2.3264252583317563e-06 9.54084708721347e-06
"6.5 < z < 7.5" 10.454545454545455 5.504371627486453e-06 1.444058148706805e-06 8.15715431010431e-06
"6.5 < z < 7.5" 10.515151515151516 4.483696269797056e-06 8.199995082275999e-07 6.987259665123609e-06
"6.5 < z < 7.5" 10.575757575757576 3.6722687733705503e-06 4.631272738210862e-07 5.969768493968316e-06
"6.5 < z < 7.5" 10.636363636363637 2.9511353508450417e-06 2.2928438514489756e-07 5.088047525262421e-06
"6.5 < z < 7.5" 10.696969696969697 2.3601249937050444e-06 1.2138059342413502e-07 4.367436606129747e-06
"6.5 < z < 7.5" 10.757575757575758 1.860346275836206e-06 6.467637942493058e-08 3.752614337136084e-06
"6.5 < z < 7.5" 10.818181818181818 1.454534102664659e-06 3.6310497268956256e-08 3.205179691086423e-06
"6.5 < z < 7.5" 10.878787878787879 1.1715461428569591e-06 2.0198828262728993e-08 2.7417951495557466e-06
"6.5 < z < 7.5" 10.93939393939394 9.258049466781541e-07 8.986520054605063e-09 2.328830215845982e-06
"6.5 < z < 7.5" 11.0 7.125244104983965e-07 4.162582681339816e-09 1.9781162798726142e-06
"6.5 < z < 7.5" 11.06060606060606 5.594713705259197e-07 2.0448695465023065e-09 1.6807074753585372e-06
"6.5 < z < 7.5" 11.121212121212121 4.341177479443107e-07 1.0467915265832083e-09 1.40545850670356e-06
"6.5 < z < 7.5" 11.181818181818182 3.3462768481572305e-07 5.277250326460021e-10 1.1620086477597741e-06
"6.5 < z < 7.5" 11.242424242424242 2.516386323288662e-07 2.6831759879072793e-10 9.654217923654938e-07
"6.5 < z < 7.5" 11.303030303030303 1.8412905367728368e-07 1.3669624119575544e-10 7.995073244281998e-07
"6.5 < z < 7.5" 11.363636363636363 1.34286506087964e-07 7.165952094900458e-11 6.631638174622656e-07
"6.5 < z < 7.5" 11.424242424242426 9.779681667395336e-08 3.539727985928282e-11 5.525866443753158e-07
"6.5 < z < 7.5" 11.484848484848484 7.019083125659399e-08 1.782173129625207e-11 4.614530890421015e-07
"6.5 < z < 7.5" 11.545454545454547 5.1959721146661244e-08 8.77633203717087e-12 3.7552316434402826e-07
"6.5 < z < 7.5" 11.606060606060606 3.6453621552392125e-08 4.4025069055810185e-12 3.0752672233192995e-07
"6.5 < z < 7.5" 11.666666666666668 2.5052700664664705e-08 2.3575755295854115e-12 2.41188240432245e-07
"6.5 < z < 7.5" 11.727272727272727 1.727592930662047e-08 1.1502607200141725e-12 1.9373968103827384e-07
"6.5 < z < 7.5" 11.787878787878789 1.2453398862677763e-08 5.660060055573681e-13 1.564786779880371e-07
"6.5 < z < 7.5" 11.848484848484848 8.163875665260876e-09 2.573446366490655e-13 1.283404799548354e-07
"6.5 < z < 7.5" 11.90909090909091 5.3540005338366415e-09 1.3696557387526948e-13 1.0226336268220021e-07
"6.5 < z < 7.5" 11.969696969696969 3.690795329969998e-09 7.203890548090159e-14 8.140890965889605e-08
"6.5 < z < 7.5" 12.030303030303031 2.4280252380737745e-09 3.636632563737318e-14 6.264283935874859e-08
"6.5 < z < 7.5" 12.09090909090909 1.4820923562853814e-09 1.767083828386153e-14 5.0177439143554175e-08
"6.5 < z < 7.5" 12.151515151515152 9.60253157993696e-10 8.640435115030694e-15 4.0664989088209164e-08
"6.5 < z < 7.5" 12.212121212121211 6.113233392801805e-10 4.211671521375601e-15 3.311018765129819e-08
"6.5 < z < 7.5" 12.272727272727273 3.5296631017637913e-10 2.1061051299740002e-15 2.7127952193216667e-08
"6.5 < z < 7.5" 12.333333333333334 2.5704181080330267e-10 1.0011185069523208e-15 2.25345353778447e-08
"6.5 < z < 7.5" 12.393939393939394 1.6489252933014372e-10 4.819379411739347e-16 1.7996354925140735e-08
"6.5 < z < 7.5" 12.454545454545455 1.0042336466670207e-10 2.455937337908746e-16 1.4878943892147102e-08
"6.5 < z < 7.5" 12.515151515151516 6.035153975582178e-11 1.1974391866608458e-16 1.2325734062071372e-08
"6.5 < z < 7.5" 12.575757575757576 4.22564664611522e-11 5.748947834349696e-17 9.977605322357082e-09
"6.5 < z < 7.5" 12.636363636363637 2.893355639359953e-11 2.7265070760618743e-17 8.123641968260486e-09
"6.5 < z < 7.5" 12.696969696969697 1.996287990316525e-11 1.2937542063100882e-17 6.658486758617075e-09
"6.5 < z < 7.5" 12.757575757575758 1.4174110777204045e-11 6.144025756770708e-18 5.46387770101122e-09
"6.5 < z < 7.5" 12.818181818181818 9.893735026727731e-12 2.988191468882453e-18 4.449111269652862e-09
"6.5 < z < 7.5" 12.878787878787879 6.808534664601612e-12 1.2202223027278926e-18 3.6446048480241496e-09
"6.5 < z < 7.5" 12.93939393939394 4.778568165624127e-12 5.580324049470149e-19 2.997535021534936e-09
"6.5 < z < 7.5" 13.0 3.236698892179893e-12 2.543984420816398e-19 2.4786829173626423e-09
"7.5 < z < 8.5" 7.0 0.02568366458358029 0.019685968017144385 0.032711412800809934
"7.5 < z < 8.5" 7.0606060606060606 0.02233499402962866 0.017121738603650197 0.02843712866834942
"7.5 < z < 8.5" 7.121212121212121 0.019424562525602117 0.01489167864971295 0.024687579837282262
"7.5 < z < 8.5" 7.181818181818182 0.016892016680189647 0.01295200089829692 0.021471962499499453
"7.5 < z < 8.5" 7.242424242424242 0.014691105335514714 0.011256277241421218 0.018675202576474585
"7.5 < z < 8.5" 7.303030303030303 0.012777615682315953 0.00978517393368821 0.016242402137376374
"7.5 < z < 8.5" 7.363636363636363 0.011113252543342854 0.008509966117424833 0.014116382302814692
"7.5 < z < 8.5" 7.424242424242424 0.009665811785554484 0.007401594767198477 0.012247427406073009
"7.5 < z < 8.5" 7.484848484848484 0.008399751077319354 0.006437458592884487 0.010651793018884297
"7.5 < z < 8.5" 7.545454545454545 0.0073041518425494695 0.005599046107466372 0.009240667494350627
"7.5 < z < 8.5" 7.606060606060606 0.006351173385150714 0.004869686159661552 0.008036807639608361
"7.5 < z < 8.5" 7.666666666666667 0.005524025631545049 0.0042343261902180835 0.006986055302575919
"7.5 < z < 8.5" 7.7272727272727275 0.004804413750913005 0.0036803091738683348 0.006062685329100788
"7.5 < z < 8.5" 7.787878787878788 0.004178729276128206 0.003200049482169713 0.005245928203623303
"7.5 < z < 8.5" 7.848484848484849 0.003625096791261766 0.0027831635836295253 0.004560597780900431
"7.5 < z < 8.5" 7.909090909090909 0.0031503783365489655 0.0024207172247326663 0.0039652370085452434
"7.5 < z < 8.5" 7.96969696969697 0.002737345667642678 0.0021053461956403 0.0034440085569731075
"7.5 < z < 8.5" 8.030303030303031 0.002372069918263225 0.0018311775746950362 0.002995272598881296
"7.5 < z < 8.5" 8.09090909090909 0.0020622189246404313 0.0015926011922417352 0.002601120772063725
"7.5 < z < 8.5" 8.151515151515152 0.001790279842712342 0.0013852085744525198 0.002253898064819731
"7.5 < z < 8.5" 8.212121212121213 0.0015535789248965664 0.0012046876539186814 0.0019534974964222694
"7.5 < z < 8.5" 8.272727272727273 0.0013503378074923888 0.0010473234907220133 0.0016950972212428639
"7.5 < z < 8.5" 8.333333333333334 0.0011734757091403031 0.0009108165106457385 0.0014737861035945363
"7.5 < z < 8.5" 8.393939393939394 0.0010190618763114394 0.0007914646273423369 0.0012786520592027032
"7.5 < z < 8.5" 8.454545454545455 0.0008851287438737009 0.0006861716750248779 0.0011099863705760777
"7.5 < z < 8.5" 8.515151515151516 0.0007688859069466544 0.0005956488863132075 0.0009579587969164056
"7.5 < z < 8.5" 8.575757575757576 0.0006666221266107501 0.0005178680356775772 0.0008322793411199166
"7.5 < z < 8.5" 8.636363636363637 0.0005763163095265653 0.000450284645103187 0.0007208902231819874
"7.5 < z < 8.5" 8.696969696969697 0.0004991747041751674 0.000390626985732676 0.0006219339398813486
"7.5 < z < 8.5" 8.757575757575758 0.000433353177686206 0.0003389353705817147 0.0005398724475832873
"7.5 < z < 8.5" 8.818181818181818 0.0003759128652700852 0.0002938437687395321 0.0004657612663013891
"7.5 < z < 8.5" 8.878787878787879 0.00032509835293000907 0.0002545030138988579 0.0004009003013065347
"7.5 < z < 8.5" 8.93939393939394 0.0002814118164868044 0.0002209941801127038 0.00034549720717485567
"7.5 < z < 8.5" 9.0 0.00024250221690653244 0.00019072701699751168 0.0002973476821168774
"7.5 < z < 8.5" 9.06060606060606 0.00021003209813369992 0.00016333725769190156 0.0002564985476898622
"7.5 < z < 8.5" 9.121212121212121 0.00018048733007179003 0.00014008315310519743 0.00022024024709495172
"7.5 < z < 8.5" 9.181818181818182 0.0001554148727012778 0.00011939933969037171 0.00018897951385801114
"7.5 < z < 8.5" 9.242424242424242 0.00013317738634961664 0.00010232466331085585 0.00016336647503687458
"7.5 < z < 8.5" 9.303030303030303 0.00011336611047879817 8.71587824959816e-05 0.0001401912002217739
"7.5 < z < 8.5" 9.363636363636363 9.694988662653442e-05 7.401640282136073e-05 0.00012024530994335879
"7.5 < z < 8.5" 9.424242424242424 8.202772076274645e-05 6.301286310924067e-05 0.00010260153077989655
"7.5 < z < 8.5" 9.484848484848484 6.903451936247167e-05 5.23321607706357e-05 8.761313651596759e-05
"7.5 < z < 8.5" 9.545454545454545 5.785273860434042e-05 4.304871550477676e-05 7.421728307773498e-05
"7.5 < z < 8.5" 9.606060606060606 4.758640588787478e-05 3.502802336893801e-05 6.191380720344547e-05
"7.5 < z < 8.5" 9.666666666666668 3.853174416153814e-05 2.7977601571662808e-05 5.0765187121258375e-05
"7.5 < z < 8.5" 9.727272727272727 3.0829271188694824e-05 2.1867213784532773e-05 4.1716313926016474e-05
"7.5 < z < 8.5" 9.787878787878789 2.4157979144209823e-05 1.6519842538018413e-05 3.350419672568875e-05
"7.5 < z < 8.5" 9.848484848484848 1.8256898287690535e-05 1.165403923787641e-05 2.614099458334716e-05
"7.5 < z < 8.5" 9.90909090909091 1.3753565826393003e-05 7.39832185920746e-06 1.9893739508386907e-05
"7.5 < z < 8.5" 9.969696969696969 1.0133361256439804e-05 4.276163191289483e-06 1.520460834369908e-05
"7.5 < z < 8.5" 10.030303030303031 7.2183899853840665e-06 2.2659113033371147e-06 1.1515505805525816e-05
"7.5 < z < 8.5" 10.09090909090909 5.043471081284178e-06 1.1801391118643593e-06 8.687421629791363e-06
"7.5 < z < 8.5" 10.151515151515152 3.1713711094452424e-06 5.58035488293067e-07 6.493516460904977e-06
"7.5 < z < 8.5" 10.212121212121213 1.9891688249836894e-06 2.5596285876556824e-07 4.9349011937859224e-06
"7.5 < z < 8.5" 10.272727272727273 1.1914215313488471e-06 1.1278475852573469e-07 3.7079040953915188e-06
"7.5 < z < 8.5" 10.333333333333334 7.117893127051682e-07 4.742231389194647e-08 2.8266455999435757e-06
"7.5 < z < 8.5" 10.393939393939394 4.3321999651184454e-07 1.8882961038805943e-08 2.1807408959969255e-06
"7.5 < z < 8.5" 10.454545454545455 2.728020537232208e-07 8.075298609270748e-09 1.6507146072927423e-06
"7.5 < z < 8.5" 10.515151515151516 1.6150675438841855e-07 3.1570101170353075e-09 1.2556611086851072e-06
"7.5 < z < 8.5" 10.575757575757576 9.265534185798962e-08 1.262965268999672e-09 9.497541971041074e-07
"7.5 < z < 8.5" 10.636363636363637 5.59789575305381e-08 5.2580812303911e-10 7.169347540009531e-07
"7.5 < z < 8.5" 10.696969696969697 3.253616451516749e-08 2.1472149935789598e-10 5.321758039749862e-07
"7.5 < z < 8.5" 10.757575757575758 1.894287490222449e-08 7.733210862371089e-11 4.0431924043447624e-07
"7.5 < z < 8.5" 10.818181818181818 1.1721799353337507e-08 3.1765733374317615e-11 3.1255669849539397e-07
"7.5 < z < 8.5" 10.878787878787879 6.307900687651829e-09 1.2941258355837727e-11 2.384665883518807e-07
"7.5 < z < 8.5" 10.93939393939394 3.708646153114956e-09 4.985713720245918e-12 1.8260890202549882e-07
"7.5 < z < 8.5" 11.0 2.1903485273759484e-09 1.9188355818849924e-12 1.3794098338634067e-07
"7.5 < z < 8.5" 11.06060606060606 1.2596532153257541e-09 7.80298773169479e-13 1.003962091996642e-07
"7.5 < z < 8.5" 11.121212121212121 7.239970076436087e-10 3.0114750395125034e-13 7.309650802060038e-08
"7.5 < z < 8.5" 11.181818181818182 4.4057290455226877e-10 1.2300399707027033e-13 5.4976935622029516e-08
"7.5 < z < 8.5" 11.242424242424242 2.517103255803052e-10 4.933396971402387e-14 4.0880276546600924e-08
"7.5 < z < 8.5" 11.303030303030303 1.4889176675187297e-10 1.9220165718305928e-14 3.072429534427276e-08
"7.5 < z < 8.5" 11.363636363636363 7.880687643230623e-11 7.76931347243268e-15 2.3020113491700158e-08
"7.5 < z < 8.5" 11.424242424242426 4.790931462377974e-11 3.2442989252602875e-15 1.7293003416927873e-08
"7.5 < z < 8.5" 11.484848484848484 2.789448270024922e-11 1.2230762544520093e-15 1.2943364080755152e-08
"7.5 < z < 8.5" 11.545454545454547 1.615611668599878e-11 4.792903727007662e-16 9.317302691268969e-09
"7.5 < z < 8.5" 11.606060606060606 9.132724030471263e-12 1.695002344326515e-16 6.701583574089193e-09
"7.5 < z < 8.5" 11.666666666666668 5.3840895552993355e-12 6.98103532273191e-17 5.033730095602013e-09
"7.5 < z < 8.5" 11.727272727272727 3.1388591241591355e-12 2.6187357964125717e-17 3.793355120421799e-09
"7.5 < z < 8.5" 11.787878787878789 1.84449393940935e-12 9.77748012203312e-18 2.853141387527245e-09
"7.5 < z < 8.5" 11.848484848484848 1.1337474435272546e-12 3.678951109806986e-18 2.1012216280585347e-09
"7.5 < z < 8.5" 11.90909090909091 6.774128900593681e-13 1.4091524179966918e-18 1.5465766261909984e-09
"7.5 < z < 8.5" 11.969696969696969 4.05073949712317e-13 5.432370299469134e-19 1.1455899273588916e-09
"7.5 < z < 8.5" 12.030303030303031 2.4204363499954375e-13 2.1050820112574723e-19 8.400652484018377e-10
"7.5 < z < 8.5" 12.09090909090909 1.4477498677862734e-13 8.253588661286213e-20 6.175641527803493e-10
"7.5 < z < 8.5" 12.151515151515152 8.554443669929552e-14 3.128647954882703e-20 4.5551655555188627e-10
"7.5 < z < 8.5" 12.212121212121211 4.929150543642918e-14 1.2257073152511532e-20 3.3605833857418074e-10
"7.5 < z < 8.5" 12.272727272727273 2.9218272389128635e-14 5.3321476143778545e-21 2.4786377599978335e-10
"7.5 < z < 8.5" 12.333333333333334 1.7500736291911987e-14 2.1443449464318272e-21 1.8624586258846268e-10
"7.5 < z < 8.5" 12.393939393939394 1.0107887112601199e-14 8.377104671438954e-22 1.3986350006262473e-10
"7.5 < z < 8.5" 12.454545454545455 5.783061635124763e-15 3.406054337374724e-22 1.044751326970486e-10
"7.5 < z < 8.5" 12.515151515151516 3.294447976143235e-15 1.3969951313207014e-22 7.627871353538695e-11
"7.5 < z < 8.5" 12.575757575757576 1.8535992487987105e-15 5.591463799335673e-23 5.643033585432692e-11
"7.5 < z < 8.5" 12.636363636363637 1.0493118409744992e-15 2.2343846783751275e-23 4.159862633613546e-11
"7.5 < z < 8.5" 12.696969696969697 5.965298386160711e-16 8.175977402998764e-24 3.1408644718039744e-11
